"Talent","https://roguetrader.wh40k.wiki/Category:Talent ","","","","","","","","","","","","","","","","","","","","","","","",""
"Death World","Once per combat, when the wounds of a death world character drop below 30%, they gain +20% of their maximum wounds as temporary wounds. Death world characters also gain a +20% bonus to dodge and armour while they have at least 1 temporary wound from any a source.","","","","","","","","","","","","","","","","","","","","","","","",""
"Brutal Hunter","Death world characters gain +15% critical hit chance against targets with the bleeding effect or with 50% or less of their maximum wounds","","","","","","","","","","","","","","","","","","","","","","","",""
"Trusty Weapons","Death world characters gain +10% to critical hit chance for axes, hammers, and las weapons.","","","","","","","","","","","","","","","","","","","","","","","",""
"Wounded Beast","Every Injury increases the death world character's Agility and Willpower by +5. Every trauma counts as 3 Injuries.","","","","","","","","","","","","","","","","","","","","","","","",""
"Lifetime of scars","Death World characters take TGH bonus less damage from flame, toxic damage, and bleeding effects.","","","","","","","","","","","","","","","","","","","","","","","",""
"Tenacity","Once per combat, when a death world character is suffering from the stunned, blinded, or immobilised condition, this condition is ignored, and they instead gain +20% temporary wounds to their maximum wounds.","","","","","","","","","","","","","","","","","","","","","","","",""
"Voidborn","A voidborn character can reroll any failed attack, dodge, parry, characteristic, or skill test with a 20% chance of success. This chance cannot be greater than the base success chance of the roll. Additionally, any enemy dodge or parry against a voidborn character has a 20% chance to fail after a successful roll.","","","","","","","","","","","","","","","","","","","","","","","",""
"Bloody Mess","Any time a voidborn character scores a critical hit, there is a 10% chance to double the damage.","","","","","","","","","","","","","","","","","","","","","","","",""
"Contagious Luck","Using a non-damaging ability on an ally grants that ally the ability to reroll any failed attack, dodge, parry, characteristic, or skill test with a 20% chance of success for 1 round. This chance cannot be greater than the base success chance of the roll. Using a non-damaging ability on an enemy grants them a 20% chance to fail a successful dodge or parry test against any character for 1 round.","","","","","","","","","","","","","","","","","","","","","","","",""
"Just a flesh wound","The voidborn character has a 20% chance to survive after suffering lethal damage, surviving with 1 wound.","","","","","","","","","","","","","","","","","","","","","","","",""
"Jinx","While a voidborn character has more than 50% wounds, all chances of all creatures (including enemies) in a 3-cell radius are increased by +10%. While a voidborn character has less than 50% wounds, all chances of all creatures (including enemies) in a 3-cell radius are decreased by -10%.","","","","","","","","","","","","","","","","","","","","","","","",""
"Be Smart","Any time an ability or talent uses the Fellowship bonus, a voidborn character can instead use the Intelligence bonus, if it is higher. Additionally, voidborn characters can always upgrade Intelligence even if their archetype does not allow it.","","","","","","","","","","","","","","","","","","","","","","","",""
"Hive World","Hive world characters gain +((1 + FEL bonus) / 2) resolve if there are 3 or more creatures (allies or enemies) in a 3-cell radius. Yet they suffer a -2 penalty to resolve with no creatures around.","","","","","","","","","","","","","","","","","","","","","","","",""
"Comradery","Hive world characters can pass Willpower resistance tests using their Fellowship value instead, if the character's Fellowship is higher.","","","","","","","","","","","","","","","","","","","","","","","",""
"Outnumber","If a hive world character has melee superiority against the enemy, the effect is increased by +10. If an enemy has melee superiority against a hive world character, the effect is decreased by -10. Melee Superiority: in melee combat, any target surrounded by more allies then enemies receives a +10 WS bonus for each additional ally. Larger creatures need to be surrounded by more than two enemies to provide this advantage to the attackers.","","","","","","","","","","","","","","","","","","","","","","","",""
"Weapon Personalisation","All ranged weapons dealing physical damage have +1 damage, +5% armour penetration, +1 rate of fire, and -5 to recoil.","","","","","","","","","","","","","","","","","","","","","","","",""
"Helping Hand","If a hive world character starts their turn adjacent to an ally character, that hive world character gains +2 MP. If a hive world character ends their turn adjacent to allies, they all gain +2 MP on their next turn.","","","","","","","","","","","","","","","","","","","","","","","",""
"Fresh Start","Hive world characters gain a +50% bonus to dodge against the first attack of opportunity every round.","","","","","","","","","","","","","","","","","","","","","","","",""
"Forge World","choose one: Subskin Armour, grants 5+(2xTGH) % armour - Locomotion System, grants AGI/2 MP and 2xAGI % dodge - Analytics system, grants 10+INT % critical hit chance","","","","","","","","","","","","","","","","","","","","","","","",""
"Pinnacle of Weaponry","The first attack in combat with any plasma, melta, or power weapon deals additional damage equal to INT bonus. For the remainder of combat, the bonus damage is decreased to (INT bonus / 2).","","","","","","","","","","","","","","","","","","","","","","","",""
"Fires of the forge","Forge world characters gain +TGH bonus deflection against the burning effect and flame weapons.","","","","","","","","","","","","","","","","","","","","","","","",""
"Steel of the Forge","While wearing heavy armour, forge world characters gain +1 MP, +1 deflection, and cannot fall prone.","","","","","","","","","","","","","","","","","","","","","","","",""
"Persistence of the forge","Forge world characters gain a stacking +10% bonus to hit chance and dodge reduction against any target they hit with a single-target attack. Successful critical hits from single-target attacks increase the hit chance and dodge reduction by +20%.","","","","","","","","","","","","","","","","","","","","","","","",""
"Calculated Relation","Forge world characters can use Persuasion, Coercion, and Commerce based on Intelligence instead of Fellowship.","","","","","","","","","","","","","","","","","","","","","","","",""
"Imperial World","Imperial world characters can select any characteristic (except for Weapon Skill or Ballistic Skill) and add a +10 bonus.","","","","","","","","","","","","","","","","","","","","","","","",""
"Ready to Serve","When an Imperial world character is affected by an ally's non-damaging ability or affects an ally with such an ability, their resolve is increased by (FEL bonus / 2) for 1 round.","","","","","","","","","","","","","","","","","","","","","","","",""
"Better to die for the Emperor","While under 40% wounds, Imperial world characters gain a +10 bonus to all characteristics and +2 to resolve.","","","","","","","","","","","","","","","","","","","","","","","",""
"Doing My part","If no other character in the current party is from an Imperial world, the first use of any of the character's archetype abilities costs -1 AP less.","","","","","","","","","","","","","","","","","","","","","","","",""
"Know No Heresy","Imperial world characters gain +10% critical hit chance and +10% armour against xenos or daemonic creatures. Their allies gain half the bonuses of know no heresy. However, Imperial world characters' Lore (Xenos) and Lore (Warp) are always 0.","","","","","","","","","","","","","","","","","","","","","","","",""
"Stronger Together","All allies, excluding xenos, in the current party gain +5 to the same characteristic as was chosen for Humanity's Finest.","","","","","","","","","","","","","","","","","","","","","","","",""
"Fortress World","Each time a fortress world character kills an enemy, they gain +10 stacks of never stop shooting. At the start of their turn, there is a (stacks of never stop shooting)% chance that the first attack this round will cost 0 AP and will not count toward the attack limit per round. If this effect triggers, all the stacks are lost.","","","","","","","","","","","","","","","","","","","","","","","",""
"Combat Addict","Fortress world characters gain +7 to Ballistic Skill, Perception, and Willpower while in combat. Yet while out of combat, their Intelligence, Fellowship, Perception, and Willpower are decreased by -7.","","","","","","","","","","","","","","","","","","","","","","","",""
"Hail of Steel","Each round fortress world characters gain a stacking +1% bonus to dodge against ranged attacks for each shot they made during this round. Also, the burst attack grants an additional +10 stacks of never stop shooting.","","","","","","","","","","","","","","","","","","","","","","","",""
"Familiar Kickback","At the end of their turn, fortress world characters gain stacks of never stop shooting equal to (half the minimal damage of the most damaging ranged weapon they used this round).","","","","","","","","","","","","","","","","","","","","","","","",""
"Spare Magazine","Fortress world characters' first reload in combat costs 0 AP. Reloading a weapon grants an additional +10 stacks of never stop shooting.","","","","","","","","","","","","","","","","","","","","","","","",""
"Never Stop Believing","When all stacks of never stop shooting should be lost, they become (WP / 2) number of stacks instead. Additionally, a fortress world character may upgrade their Willpower characteristic even if their current archetypes do not allow it.","","","","","","","","","","","","","","","","","","","","","","","",""
"Arbitrator","Three paths: Castigator (voice), Subductor (Shield), Vigilant (Shotgun)","","","","","","","","","","","","","","","","","","","","","","","",""
"Shotgun Mastery","The Arbites can wield two handed shotguns in one hand","","","","","","","","","","","","","","","","","","","","","","","",""
"Lawful Intervention","The Arbirator can parry incoming attacks with a ranged weapon. Ballistic Skill determines parry instead of Weapon Skill. Attacks of opportunity can be used with ranged weapons that work in melee","","","","","","","","","","","","","","","","","","","","","","","",""
"Armour-Piercing","The Arbitrator's attacks reduce enemies' armour by (10+2xArbitrator's PER bonus) for 1 round. Does not stack","","","","","","","","","","","","","","","","","","","","","","","",""
"Law and Order","The Arbitrator's attacks made on others' turns deal (10+ WP)% more damage. The targets must pass Willpower test or become immobilised for 1 round.","","","","","","","","","","","","","","","","","","","","","","","",""
"Arbites Physical Training","The Arbirator gains Tougness equal to half their equipped shield block","","","","","","","","","","","","","","","","","","","","","","","",""
"Pacification Procedures","Once per turn the Arbitrator can throw a grenade that does not deal lethal damage on impact. That action costs 0 ap and does not count towards the attack limit per turn","","","","","","","","","","","","","","","","","","","","","","","",""
"Public Sentancing","Whenever an enemy adjacent to the Arbitrator fails a willpower resistance test for the first time in a round, that enemy provokes an attack of opportunity from the Arbitrator","","","","","","","","","","","","","","","","","","","","","","","",""
"Mob Justice","Allies in a 3 cell radius around the Arbitrator deal 5+coercion / 20)% more damage. Does not stack","","","","","","","","","","","","","","","","","","","","","","","",""
"Prepared Prosecution","During the tactical phase, the arbitrator can be placed in a cell adjacent to an enemy","","","","","","","","","","","","","","","","","","","","","","","",""
"Binding Purpose","As long as the arbitrator has more than 90% wounds, they are immune to the following negative effects, blinded, disturbed, fatigued, perplexed, slowed and staggered","","","","","","","","","","","","","","","","","","","","","","","",""
"Pillar of the Law","After the arbitrator uses a heroic act or desperate measure, they gain (10+2xWP) coercion and WP % block until the end of combat","","","","","","","","","","","","","","","","","","","","","","","",""
"The Steady Hand of Justice","With a one handed shock baton, power maul or one handed power hammer, the Arbitrator gains 10% parry and reduces the weapon skill of enemies by -10 on hit (does not stack). +25% crit damage.","","","","","","","","","","","","","","","","","","","","","","","",""
"Astra Militarum Commander","when used for 1 round the commander and their allies do not suffer damage from allied attacks and deal (20+2xfel)% more damage to enemies that were attacked by them since this ability activation. The effect does not stack. Can only be used once per combat","","","","","","","","","","","","","","","","","","","","","","","",""
"Suppression Fire!","Whilst Regimental tactics effect lasts, the commander and their allies weapon attacks gain +20% dodge reduction, parry reduction, block reduction and cover penetration that have been attacked by allies this combat","","","","","","","","","","","","","","","","","","","","","","","",""
"Field of Fire","While the Astra Militarum commander is under the Regimental Tactics effect, all their allies gain +5% to rate of fire for every attack they have made since the start of this effect.","","","","","","","","","","","","","","","","","","","","","","","",""
"Fix Bayonets!","Two-handed las weapons equiped by the commander or allies gain a bayonet strike single melee attack that costs 1 ap. This attacks deals the same damage as the las weapon and does not count to attack limit.","","","","","","","","","","","","","","","","","","","","","","","",""
"Unflinching Heroism","Whenever the commander or their allies performs a heroic act, all the commander's characteristics are increased by +7 until the end of combat","","","","","","","","","","","","","","","","","","","","","","","",""
"Trench warfare","While the commander is in partial cover, their las weapon's rate of fire is increased by 20% and 40% when in full cover.","","","","","","","","","","","","","","","","","","","","","","","",""
"Commissar","Commissar shoots an allied character with the pistol in their primary hand, dealing 100+coercion % of weapon damage. This shot ignores armour and deflection. Always hits. Ally gains at all costs effect, if the ally falls unconscious the effect is instead applied to all other allies besides the commissar. (2xFEL)% damage, (2xFEL)% dodge and parry and (commissar's coercion /10) to all characteristics
Iconic Sidearm: Shots with pistol in their primary hand deal (2x commissar's bs bonus)% more damage, gain 15% critical hit chance, and (2x commissar fel bonus)% dodge reduction","","","","","","","","","","","","","","","","","","","","","","","",""
"One for the enemies, two for the traitors","The effect of the iconic sidearm is now active when a pistol is equiped in either hand (shots with pistol im their primary hand deal FEL% more damage, gain 15% critical chance and dodge reduction)","","","","","","","","","","","","","","","","","","","","","","","",""
"Let them know fear!","While the Commissar is adjacent to an enemy, all their allies gain +(1+ Commissar's FEL bonus / 2) resolve, if there are no creatures in a 2 cell radius the commissar gains this bonus resolve","","","","","","","","","","","","","","","","","","","","","","","",""
"Motivation","The commissar's MP is increased by (1+ character level \10). All allies, starting their turn in a 2-cell radius around the commissar also gain, (1+ character level \10) mp. Once per round, after the commissar performs an attack with a pistol, they gain (Fel \ 2) MP. Does not stack","","","","","","","","","","","","","","","","","","","","","","","",""
"Summary Execution","When the commissar uses At All Costs! while shooting from behind, the bonuses granted by the effect are doubled.","","","","","","","","","","","","","","","","","","","","","","","",""
"For the emperor!","If an ally remains in combat after being attacked with the ability at all costs and then kills an enemy whilst under the effect, they will regain 30% of the wounds lost due to at all costs as temporary wounds","","","","","","","","","","","","","","","","","","","","","","","",""
"Crime Lord","At the start of combat, the crime lord gains +INT bonus stacks of the sure-fire plan effect. Activation of this ability consumes 1 stack and makes the next action stronger depending on the type of action:
  - If the crime lord attacks, they deal +(10 + PER bonus)% more damage. - If the crime lord moves, they gain +(10 + PER bonus)% dodge and parry until the start of their next turn.
  - If the crime lord uses a non-damaging ability on an enemy, that enemy suffers a -(10 + INT bonus)% penalty to damage for one round. Can be used multiple times per turn.","","","","","","","","","","","","","","","","","","","","","","","",""
"Killing Plan","The bonus damage of sure-fire plan is increased by +(2 X WS bonus)%. Killing at least one enemy with an attack restores 1 stack of sure-fire plan.","","","","","","","","","","","","","","","","","","","","","","","",""
"Escape Plan","The bonus to dodge and parry from sure- fire plan are increased by +(2 X AGI bonus %. Dodging or parrying at least one attack by the start of the next round restores 1 stack of sure-fire plan.","","","","","","","","","","","","","","","","","","","","","","","",""
"Disorienting Plan","An enemy affected by sure-fire plan also suffers a -(10 + 2 X PER bonus)% penalty 10 dodge and parry reduction.","","","","","","","","","","","","","","","","","","","","","","","",""
"Contingency Plan","If at the start of a turn, the crime lord has no stacks of sure-fire plan, they gain +1 stack.","","","","","","","","","","","","","","","","","","","","","","","",""
"The Last Plan","Once per combat, if the crime lord has at least 1 stack of sure-fire plan, they do not die from lethal damage. Instead, they heal (5 X sure-fire plan stacks)% of maximum wounds, lose a stacks, and can no longer gain sure-fire plan stacks.","","","","","","","","","","","","","","","","","","","","","","","",""
"Ministorum Priest","Grants 2x number of steal stacks momentum. Then the priest gains WP bonus stacks of zeal. Does not provoke attacks of opportunity. Whilst in combat priest gains +willpower. Attacks with bolter, flamer, chain, melta or power per enemy attacked for the first time in combat. They gain +2 stacks of zeal for xenos and daemons killed in combat.
Unshakable Faith: in combat priest gains (2x (str, tgh, agi, per)) willpower","","","","","","","","","","","","","","","","","","","","","","","",""
"Litany of Purification","Whenever the character uses war hymn or furious recital, each daemon and xenos in a 5 cell radius suffers 5x zeal stacks direct damage and +1 stack of perplexed","","","","","","","","","","","","","","","","","","","","","","","",""
"Litany of Hatred","Whenever the priest uses war hymn, for 1 round, the priest themselves and allies in a 5 cell radius deal +number of zeal stacks /2 more weapon damage. This is doubled against daemons, psykers and xenos","","","","","","","","","","","","","","","","","","","","","","","",""
"Tenets of retribution","The priest deals +WP/3 more damage and wp% more critical damage with bolt weapons. Base melta weapon and flamer damage is increased by WP bonus%. These bonuses are doubled against daemons, psykers and xenos","","","","","","","","","","","","","","","","","","","","","","","",""
"The Emperor Protects","Priest's maximum wounds are increased by Willpower bonus","","","","","","","","","","","","","","","","","","","","","","","",""
"Flensing Faith","Priest gains WP bonus% armour penetration with chain and power weapons. Critical hits scored with such weapons inflict WP bonus /2 levels of burning. Bonuses doubled vs xenos, daemons and psykers","","","","","","","","","","","","","","","","","","","","","","","",""
"Navy Officer","For 1 round, the Navy officer and their allies in a 5-cell radius gain +2 deflection for each Archetypes taken by the Navy officer. They also cannot be forcefully moved or overpenetrated. ! Can only be used once. +1 charge when the navy officer drops below 50% for the first time in combat.","","","","","","","","","","","","","","","","","","","","","","","",""
"Stentorian Voice","Enemies in a 5 cell radius around the navy officer whilst brace effect lasts suffer -(10x number of archetypes) weapon skill and ballistic skill","","","","","","","","","","","","","","","","","","","","","","","",""
"Evasive Manoeuvres","All allies affected by Braced effect or by the navy officer non attacking archetype abilities gain (10+2 x PER)% dodge for 1 round. Officer and braced allies do not provoke attacks of opportunity","","","","","","","","","","","","","","","","","","","","","","","",""
"Fleet Combat training","When the navy officer scores a critical hit or successfully parries an attack with their primary melee weapon, they immediately make an attack with their secondary weapon against the same enemy","","","","","","","","","","","","","","","","","","","","","","","",""
"Get off Me!","Brace for Impact! also allows the Navy Officer to use any ranged weapon in threatened areas, knocks enemies prone, and pushes them 1 cell away during the effect.","","","","","","","","","","","","","","","","","","","","","","","",""
"Get Into Cover!","All allies affected by Brace for Impact! gain an extra turn with O AP and 3 MP and increase their cover efficiency by +20% for 1 round.","","","","","","","","","","","","","","","","","","","","","","","",""
"Noble","The noble assigns one ally who Will become their servant until the end of combat. Any time the noble's abilities affect the servant, the servant gains +5 to all characteristics until the start of the noble's next turn. Any time the servant attacks a target that the noble dealt damage to last turn, the servant gains +(10 + noble's FEL bonus)% critical hit chance against that target. Can only be used once per combat.","","","","","","","","","","","","","","","","","","","","","","","",""
"You. Do Something.","If a noble uses an ability on their servant, the servant gains +1 AP next turn. Does not stack with itself.","","","","","","","","","","","","","","","","","","","","","","","",""
"You. Protect Me.","If the noble and the servant are adjacent to each other at the start of the noble's turn, they both gain temporary wounds equal to servant's TGH bonus or noble's FEL bonus depending on which is higher.","","","","","","","","","","","","","","","","","","","","","","","",""
"You. Go On.","The noble's servant gains +2 movement points every turn.","","","","","","","","","","","","","","","","","","","","","","","",""
"You. Kill It.","If the servant kills the target that the noble dealt damage to last turn, the noble gains +1 AP next turn.","","","","","","","","","","","","","","","","","","","","","","","",""
"You. You Are Next.","If the servant has less than 30% maximum wounds, the noble can use You. Serve Me. once more in battle, designating a new servant and removing the effect from the previous one. The noble cannot designate a character who already was their servant this combat.","","","","","","","","","","","","","","","","","","","","","","","",""
"Sanctioned Psyker","Sanctioned Psykers have reduced 20% chances to trigger psychic phenomena.","","","","","","","","","","","","","","","","","","","","","","","",""
"Psyker Minoris","Each level of psy rating provides the psyker access to new psychic powers. It also strengthens damaging psychic powers. 1.","","","","","","","","","","","","","","","","","","","","","","","",""
"Psyker Majoris","Each level of psy rating provides the psyker access to new psychic powers. It also strengthens damaging psychic powers 2.","","","","","","","","","","","","","","","","","","","","","","","",""
"Psyker Terminus","Each level of psy rating provides the psyker access to new psychic powers. It also strengthens damaging psychic powers. 3.","","","","","","","","","","","","","","","","","","","","","","","",""
"Psyker Extremis","Each level of psy rating provides the psyker access to new psychic powers. It also strengthens damaging psychic powers. 4.","","","","","","","","","","","","","","","","","","","","","","","",""
"Still Mind","The psyker's resolve is increased by +(WP bonus / 2) while veil degradation is 10 or lower.","","","","","","","","","","","","","","","","","","","","","","","",""
"Inscribed Soul","The psyker gains the Inscribed Soul ability. It costs no AP but deals direct damage to the psyker equal to 25% of the psyker's maximum wounds. The next psychic power used after this ability will not trigger psychic phenomena or perils of the warp and will not degrade the veil.","","","","","","","","","","","","","","","","","","","","","","","",""
"Sacred Rituals","Psychic powers have a 25% chance to regain AP spent on psychic powers when veil degradation is 10 or lower.","","","","","","","","","","","","","","","","","","","","","","","",""
"Blade of Light","Force weapon attacks deal +psy rating more damage and have +(5 X psy rating)% more armour penetration.","","","","","","","","","","","","","","","","","","","","","","","",""
"Enforce Reality","Usage of a heroic act by the psyker decreases veil degradation by INT bonus.","","","","","","","","","","","","","","","","","","","","","","","",""
"Psychic Barrage","Whenever the psyker uses a damaging psychic power on targets that are 6 cells or farther from the psyker, the targets suffer an additional +BS bonus damage.","","","","","","","","","","","","","","","","","","","","","","","",""
"Second Sight","The psyker's psychic powers that have a range of 2 cells or more have their range increased by +PER bonus.","","","","","","","","","","","","","","","","","","","","","","","",""
"Stabilising Factor","The first psychic power used each turn increases veil degradation by 2 points less. If this talent reduces the effect on veil degradation to less than 0, veil degradation is instead decreased by 1.","","","","","","","","","","","","","","","","","","","","","","","",""
"Subtle Manipulation","The psyker can use a damaging psychic power while being threatened by enemies in melee range without provoking attacks of opportunity. Non-damaging psychic powers do not provoke attacks of opportunity even without this talent.","","","","","","","","","","","","","","","","","","","","","","","",""
"Obscured Threat","While the psyker is not in the target's line of sight, or the psyker is in cover, all resistance tests of the target suffer a -(4 X psy rating) penalty.","","","","","","","","","","","","","","","","","","","","","","","",""
"Psyker - Biomancer","The target gains +(10 + 4 × psyker’s psy rating) Strength and Toughness until the end of combat.","","","","","","","","","","","","","","","","","","","","","","","",""
"Adrenaline Surge","On the first turn of every combat, all psychic powers of the biomancy discipline cost -1 action point.","","","","","","","","","","","","","","","","","","","","","","","",""
"Biophysical DIstortion","All the psyker's attacks, including damaging psychic powers, now poison enemies. This poison deals (4 x psy rating) damage every turn.","","","","","","","","","","","","","","","","","","","","","","","",""
"Sanguine Siphon","Every time the psyker deals damage, they gain +1 stack of the sanguine siphon effect. If that damage was dealt to a target adjacent to the psyker, they gain +2 stacks instead. When the psyker suffers lethal damage, the stacks of sanguine siphon are removed to reduce this damage by -1 for each stack, until either all stacks are removed or the damage is no longer lethal.","","","","","","","","","","","","","","","","","","","","","","","",""
"Confer Immunity","Whenever the psyker is healed or heals any ally, if the character being healed is already at full wounds, that character instead gains temporary wounds equal to the healing. These temporary wounds do not stack.","","","","","","","","","","","","","","","","","","","","","","","",""
"Corpus Conversion","When an enemy adjacent to an ally dies, that ally gains a stacking corpus conversion effect. If multiple allies are adjacent to the dead enemy, one is selected at random. The psyker's next psychic power that targets only the target with corpus conversion will work as if the psyker's psy rating is +2 higher, will not damage the veil, will not trigger psychic phenomena or perils of the warp, and will remove -1 stack of corpus conversion from the target. 
(This talent appears to be bugged and adds +2 psy rating on every psyker buff which stacks until an offensive psyker power is used)","","","","","","","","","","","","","","","","","","","","","","","",""
"Pulse of Life","Whenever the psyker heals themselves or another character with a psychic power or an effect applied by a psychic power, this healing can critically heal with a chance of (5 + 2 x WP bonus)%. This critical heal chance is increased by all the effects that increase critical hit chance, and the amount healed is increased by the same value as critical damage.","","","","","","","","","","","","","","","","","","","","","","","",""
"Warp Saturation","When the psyker's allies or the psyker themselves are under the effects of the psychic powers, they gain +5 Toughness for each of such effects.","","","","","","","","","","","","","","","","","","","","","","","",""
"Deterioration","Whenever an effect applied by the psyker increases the damage suffered by a target, this effect is increased by half (for example, a 20% increase turns into a 30% increase).","","","","","","","","","","","","","","","","","","","","","","","",""
"Psyker - Diviner","The psyker increases the target's dodge and parry by +(3 + psyker’s PER bonus + 3 × psy rating)% until the end of combat.","","","","","","","","","","","","","","","","","","","","","","","",""
"Edge of Fate","At the beginning of every combat, the psyker's allies gain +15% critical hit chance. The first critical hit removes this effect.","","","","","","","","","","","","","","","","","","","","","","","",""
"Fatebringer","Allies under the effect of at least one psychic power gain an additional +(5 + 2 x psyker's psy rating)% armour penetration.","","","","","","","","","","","","","","","","","","","","","","","",""
"Flawless Plan","Every 9th successful dodge and/or parry by the psyker and their allies combined grants the psyker +2 additional AP on the next turn.","","","","","","","","","","","","","","","","","","","","","","","",""
"Predicted Downfall","The first dodge attempt of every enemy in combat suffers a -(7 X psyker's psy rating)% penalty.","","","","","","","","","","","","","","","","","","","","","","","",""
"Unnatural Luck","When the psyker uses a Divination psychic power on an ally without an unnatural luck effect, that ally gains unnatural luck. 
Unnatural Luck: when the ally suffers a critical hit, it becomes a normal hit instead and the unnatural luck effect is removed.","","","","","","","","","","","","","","","","","","","","","","","",""
"Psyker - Pyromancer","The target suffers (1 + WP +6 x Psy rating) to (2x WP bonus + 10 x psy rating)) damage and gains the warp burn effect. This attack has (5 × psyker’s psy rating)% armour penetration. Warp Burn 3 + WP + 3 x PSY rating","","","","","","","","","","","","","","","","","","","","","","","",""
"Blazing Inferno","The psyker's critical hit chance increases by +1% until the end of combat every time the psyker deals damage by any means.","","","","","","","","","","","","","","","","","","","","","","","",""
"Backdraft","Whenever a psychic power used by the psyker deals damage, a random enemy within 2 cells from the initial target suffers half of this damage. That damage does not trigger this talent again.","","","","","","","","","","","","","","","","","","","","","","","",""
"Body of Flames","The psyker gains +(8 X psy rating)% additional armour against fire damage and half this amount as additional armour against energy damage from las, melta, and plasma weapons.","","","","","","","","","","","","","","","","","","","","","","","",""
"Relentless Blaze","When the psyker is burning, the psyker's psy rating is increased by +1, and the psyker's resolve is increased by 2. Damage from fire no longer reduces the psyker's momentum.","","","","","","","","","","","","","","","","","","","","","","","",""
"Burning Blood","When the psyker uses a psychic power, all enemies adjacent to the psyker suffer (4 X psy rating direct damage. The same also 1 happens when the psyker suffers damage from burning, bleeding, or melee attacks.","","","","","","","","","","","","","","","","","","","","","","","",""
"Fire Within","Every time the psyker kills or scores a critical hit against 8 creatures in one combat, the psyker's next attack (including attacking psychic powers) will cost 0 AP and have no cooldown.","","","","","","","","","","","","","","","","","","","","","","","",""
"Melting Armour","Every time an enemy suffers damage from the psyker, that enemy's armour is reduced by -5%. If the enemy's armour is already 0, this enemy's deflection is reduced by -1 instead. (Seems buggy and doesnt always apply armour strip)","","","","","","","","","","","","","","","","","","","","","","","",""
"Sparks of the Greater Flame","All damage-over-time effects applied by the psyker gain a 5+5xpsy rating % if the character hhas sparks of the greater flame, 20% if the character has does it hurt? 10+greater of the above % if the character has both these talents critical hit chance. This chance is increased by all bonuses to critical hit chance","","","","","","","","","","","","","","","","","","","","","","","",""
"Psyker - Sanctic","All allies in a circle with a 5-cell radius gain + 1 + psy rating resolve until the end of combat. Every additional stack of this effect increases the resolve bonus by +2.","","","","","","","","","","","","","","","","","","","","","","","",""
"Destined","The psyker's armour increases by +5%. This bonus increases by +5% at the start of every turn of combat except the first.","","","","","","","","","","","","","","","","","","","","","","","",""
"Edge of Dawn","Enemies adjacent to the psyker suffer +10% more damage.","","","","","","","","","","","","","","","","","","","","","","","",""
"Eternal Glory","The first time that momentum reaches 200 during the psyker's turn, the psyker gains +5 to all characteristics, +1 to resolve, +1 to deflection, and +1 to all damage that the psyker deals until the end of combat.","","","","","","","","","","","","","","","","","","","","","","","",""
"Hymns of Hatred","Critical hits scored by anyone within the psyker's line of sight (including the psyker themselves) increase the psyker's critical damage by +1% until the end of combat. Stacks.","","","","","","","","","","","","","","","","","","","","","","","",""
"Psalms of Heroes","The psyker's psy rating is increased by +1 until the end of combat every time an ally uses a heroic act.","","","","","","","","","","","","","","","","","","","","","","","",""
"Sanctified Slayer","The psyker's critical hit chance is increased by +Resolve%.","","","","","","","","","","","","","","","","","","","","","","","",""
"Psyker - Telepath","Deals 4 + (psyker’s WP bonus × (1 + psy rating)) to (4+ psyker's WP Bonus x (1 + psy rating))) damage to the target.","","","","","","","","","","","","","","","","","","","","","","","",""
"Aftershock","Every time the psyker deals mental damage from any source other than Aftershock, the target suffers half as much mental damage at the end of its next turn.","","","","","","","","","","","","","","","","","","","","","","","",""
"Mental Breach","Enemies that have taken damage from the psyker at least once suffer a -20 penalty to all resistance test against the psyker until the end of combat.","","","","","","","","","","","","","","","","","","","","","","","",""
"Mind Siege","Enemies that have failed a Willpower resistance test against any of the psyker's psychic powers will suffer an additional +(4 X psy rating) mental damage every time they suffer mental damage until the end of combat.","","","","","","","","","","","","","","","","","","","","","","","",""
"Mind Thief","Any time an enemy becomes a target of any particular psyker ability for the first time, this enemy suffers a -5 penalty to their intelligence and perception, and the psyker's intelligence and perception increase by +2 until the end of combat","","","","","","","","","","","","","","","","","","","","","","","",""
"Pain Channelling","Whenever the psyker kills an enemy with a psychic power dealing more damage than wounds of the target, the excess damage will be dealt to the enemy closest to the target.","","","","","","","","","","","","","","","","","","","","","","","",""
"Visions of Doom","Enemies that become targets of the psyker's psychic powers gain a stacking -5% penalty to their dodge and parry until the end of combat.","","","","","","","","","","","","","","","","","","","","","","","",""
"Warp Minds","After every sixth use of a psychic power by the psyker, all enemies gain a stacking -5 penalty to all characteristics until the 1 end of combat.","","","","","","","","","","","","","","","","","","","","","","","",""
"Weak Hearts","Enemies, currently inflicted with blinded, stunned, immobilised, or prone effects by the psyker, suffer +10% more damage.","","","","","","","","","","","","","","","","","","","","","","","",""
"Warrior","","","","","","","","","","","","","","","","","","","","","","","","",""
"Contempt","Whenever an enemy attacks the Warrior, the Warrior's next melee attack against that enemy deals an additional +TGH bonus damage. Does not stack, but it can be reactivated after another attack made by either the same enemy or  a different one.","","","","","","","","","","","","","","","","","","","","","","","",""
"Desolation","The Warrior deals an additional +AGI bonus damage to enemies that have no allies in adjacent cells.","","","","","","","","","","","","","","","","","","","","","","","",""
"Easy Target","The Warrior's critical damage is increased by +(10 + 2 × STRbonus)% against enemies not armed with a melee weapon.","","","","","","","","","","","","","","","","","","","","","","","",""
"Enrage","If the Warrior has less than 50% wounds, they gain +(5 + (TGH bonus + AGI bonus))% critical hit chance.","","","","","","","","","","","","","","","","","","","","","","","",""
"Epicentre of Slaughter","Whenever the Warrior is attacked, they gain +1 stack of epicentre of slaughter until the end of combat. At the start of their turn, the Warrior gains +1 temporary wound for each stack. These temporary wounds cannot exceed the  Warrior's TGH bonus.","","","","","","","","","","","","","","","","","","","","","","","",""
"Thick Skin","The Warrior gains +1 damage deflection. Their parry chance is increased by +25% of the Warrior's total armour.","","","","","","","","","","","","","","","","","","","","","","","",""
"Blade Flurry","Each use of Slash increases the damage dealt by Slash by +1 until the end of combat.","","","","","","","","","","","","","","","","","","","","","","","",""
"Cautious DIsengage","Attacks of opportunity deal -(10 + 3 X WS bonus)% less damage to the Warrior. Movement within range of attacks of opportunity costs -1 MP less.","","","","","","","","","","","","","","","","","","","","","","","",""
"Clenched Teeth","The Warrior gains +TGH bonus damage deflection against the first attack made by every enemy this combat.","","","","","","","","","","","","","","","","","","","","","","","",""
"Crowd Kill","Area attacks deal an additional +(1 + STR Bonus / 2) damage for each enemy in the area of effect.","","","","","","","","","","","","","","","","","","","","","","","",""
"Defensive Manoeuvres","When the Warrior takes damage, they gain +(5 + 2 X AGI Bonus)% dodge. Stacks up to 3 times and resets after a successful dodge.","","","","","","","","","","","","","","","","","","","","","","","",""
"Defensive Stance","If the Warrior has not attacked this turn, they gain +(10 + 2 X TGH bonus)% armour. Charge and Slash do not affect this bonus.","","","","","","","","","","","","","","","","","","","","","","","",""
"Disarm","When the Warrior uses a single-shot attack or a melee attack against a target, the Warrior gains +(5 + 2 X TGH bonus)% armour against attacks made by that target for 1 round.","","","","","","","","","","","","","","","","","","","","","","","",""
"Field Medic","Allows the Fighter to use Medikits without Medicae Skill. The Fighter also regains additional Wounds equal to their TGH Bonus whenever the Medikit is used on them.","","","","","","","","","","","","","","","","","","","","","","","",""
"Hardened Scars","Whenever the Warrior is hit while under the Endure effect, their damage deflection is increased by +1 until the Warrior's next turn.","","","","","","","","","","","","","","","","","","","","","","","",""
"Impetus","The damage dealt by Charge is increased by +(TGH bonus + STR bonus) when the ability is used from a distance of 5 or more cells.","","","","","","","","","","","","","","","","","","","","","","","",""
"Interception","When the Warrior parries an attack, their next Warrior archetype ability costs -1 AP less.","","","","","","","","","","","","","","","","","","","","","","","",""
"Invigorating Hatred","When the Warrior ends their turn near an enemy affected by the Sworn Enemy ability, the Warrior gains +(2 + TGH bonus) temporary wounds.","","","","","","","","","","","","","","","","","","","","","","","",""
"Living Shield","Enemies suffer a -10% penalty to their hit chance with ranged attacks (including area attacks) against the Warrior for every enemy in a 1-cell radius around the Warrior. Stacks up to 3 times.","","","","","","","","","","","","","","","","","","","","","","","",""
"Open Engagement","If there are no enemies adjacent to the Warrior at the start of the turn, the Warrior's damage is increased by +(2 X STR bonus) for one melee attack.","","","","","","","","","","","","","","","","","","","","","","","",""
"Opening Strike","Charge and push increase the damage of ranged attacks made against affected enemies by +(5 + WS bonus)% until the end of combat. Does not stack.","","","","","","","","","","","","","","","","","","","","","","","",""
"Ramming Speed","Increases Charge distance by +3 cells.","","","","","","","","","","","","","","","","","","","","","","","",""
"Reckless Fury","Whenever the Warrior hits with Reckless Strike, this attack scores a guaranteed critical hit.","","","","","","","","","","","","","","","","","","","","","","","",""
"Rigorous Training","The Warrior becomes incredibly deft. Charge and Slash do not end the Warrior's movement and grant +(10 + AGI bonus)% dodge for 1 round after use.","","","","","","","","","","","","","","","","","","","","","","","",""
"Shearing Strikes","When the Warrior uses Slash with two melee weapons equipped, the Warrior deals damage from both weapons. (Currently bugged and does not work with rigorous training)","","","","","","","","","","","","","","","","","","","","","","","",""
"Officer","","","","","","","","","","","","","","","","","","","","","","","","",""
"Blood Of Martyrs","Whenever an ally uses a heroic act, that ally gains temporary wounds equal to (10% of their maximum wounds + Resolve).","","","","","","","","","","","","","","","","","","","","","","","",""
"Commanding Voice","The range of the Officer's abilities is increased by +3. The range of Voice of Command is increased by +6.","","","","","","","","","","","","","","","","","","","","","","","",""
"Focus!","Whenever the Officer uses an ability on an ally, that ally gains a bonus to their Perception and Ballistic Skill equal to 2+(Officer's Resolve Bonus/2). These bonuses stack, but half of the stacks (rounded up) are lost at the end of the target's turn.","","","","","","","","","","","","","","","","","","","","","","","",""
"Inspire Courage","Whenever the Officer targets an ally with an ability for the first time in a round, that ally gains +WP bonus temporary wounds.","","","","","","","","","","","","","","","","","","","","","","","",""
"Personal Oversight","Whenever the Officer targets an ally with an action (an ability or an attack), that ally's resolve is increased by +1 until the end of the Officer's next turn. This effect stacks and is prolonged until the end of the Officer's next turn each time it stacks. Cannot be prolonged past the Officer's next turn.","","","","","","","","","","","","","","","","","","","","","","","",""
"Steel Resolve","The Officer's resolve is increased by +3","","","","","","","","","","","","","","","","","","","","","","","",""
"Armour of Contempt","Whenever an ally is affected by an Officer's ability or talent that grants temporary wounds, that ally's armour is increased by +10% for 1 round. Does not stack.","","","","","","","","","","","","","","","","","","","","","","","",""
"Be Vigilant!","Allies under the effect of the Officer's abilities gain a bonus to their Weapon Skill equal to (3 + Officer's FEL bonus) and will deal +FEL bonus more damage on attacks of opportunity until the start of the Officer's next turn.","","","","","","","","","","","","","","","","","","","","","","","",""
"Decisive Response","Whenever the officer uses voice of command or bring it down! foor the first time in combat, this ability costs -1ap","","","","","","","","","","","","","","","","","","","","","","","",""
"Heroism","Whenever a heroic act is used in combat by any character, the Officer's next attack will cost 0 AP.","","","","","","","","","","","","","","","","","","","","","","","",""
"Inspiring Speech","Air of Authority immediately grants momentum to the target equal to the target's resolve.","","","","","","","","","","","","","","","","","","","","","","","",""
"Iron Discipline","Allies affected by the Officer's abilities gain a bonus to all resistance tests equal to (2 X Officer's WP bonus).","","","","","","","","","","","","","","","","","","","","","","","",""
"Lasting Impression","Half of the bonus granted by the Voice of Command remain until the end of combat. This bonus does not stack with itself or with bonuses granted by Voice of Command but does count as an Officer ability effect for the purposes of other talent effects.","","","","","","","","","","","","","","","","","","","","","","","",""
"Lead by Example","Whenever the Officer uses an Officer archetype ability two times in one turn that does not grant an extra turn, they gain the stand witness effect. Stand Witness: the next Officer archetype ability that does not grant an extra turn will also affect the Officer.","","","","","","","","","","","","","","","","","","","","","","","",""
"Leader's Assault","Whenever the Officer makes an attack, they gain +5 Fellowship until the end of combat.","","","","","","","","","","","","","","","","","","","","","","","",""
"March","Whenever the Officer's ability moves any target, the Officer gains movement points equal to half the distance the target moved. If this happens on another character's turn, the Officer will gain these movement points on their next turn.","","","","","","","","","","","","","","","","","","","","","","","",""
"No Respite","Whenever the Officer's ability grants action points to an ally, that ally also gains +1 to all characteristics for every action point gained until the end of combat.","","","","","","","","","","","","","","","","","","","","","","","",""
"Physical Encouragement","Whenever an ally starts a turn (including any extra turn) adjacent to the Officer, that ally gains additional MP equal to (Officer's FEL bonus / 2).","","","","","","","","","","","","","","","","","","","","","","","",""
"Prepare for an assault!","Break Their Ranks! works as if there were one more enemy adjacent to the target. This allows this ability to be used on targets with no enemies adjacent to them.","","","","","","","","","","","","","","","","","","","","","","","",""
"Seize the initiative","Allow officers and allies under the effect of the officer's Voice of Command to deal additional damage to enemies that have not yet acted in this combat.","","","","","","","","","","","","","","","","","","","","","","","",""
"Steady!","Take Aim! also increases the damage of the next ranged attack by 5% + 1% for each cell between the attacker and the target.","","","","","","","","","","","","","","","","","","","","","","","",""
"Undaunted","The fficer gains +10 willpower and +10 fellowship when they have less than 50% of their maximum wounds remaining. They also gain an additional +10 willpower and +10 fellowship after using any officer ability on a target withless than 50% wounds for 1 round. These two sets of bounuses stack with each other but do not stack with thesmelves (+20 willpower and fellowship)","","","","","","","","","","","","","","","","","","","","","","","",""
"Watch Yourself!","Targets of Move! Move! Move! gain a +10% bonus to dodge and a +10% bonus to cover efficiency until the start of the Officer's next turn.","","","","","","","","","","","","","","","","","","","","","","","",""
"Wounds Are no excuse!","Get Back in the Fight! removes 1 fresh injury from the target and heals the target for (Officer's WP bonus / 2) wounds for each condition removed by Get Back in the Fight! (including fresh injuries). A minimum of (Officer's WP bonus / 2) wounds is always healed, even if no conditions are removed.","","","","","","","","","","","","","","","","","","","","","","","",""
"Operative","","","","","","","","","","","","","","","","","","","","","","","","",""
"Fresh Target","Whenever the Operative attacks an enemy that is at full wounds, that attack deals +(10 + PER bonus)% more damage to that enemy.","","","","","","","","","","","","","","","","","","","","","","","",""
"Instant Exposure","Expose Weakness costs 0 AP.","","","","","","","","","","","","","","","","","","","","","","","",""
"Tide of Excellence","Whenever the Operative triggers an exploit on an enemy, the Operative gains +1 damage and +2% armour penetration until the end of combat. Stacks.","","","","","","","","","","","","","","","","","","","","","","","",""
"Weak Body, Weak Soul","Expose Weakness also reduces enemies' Toughness and Willpower by -(3 X INT bonus) for 1 round.","","","","","","","","","","","","","","","","","","","","","","","",""
"Ballistics Calculation","If the Operative attacks a target affected by an exploit from a distance of (15 - PER bonus) cells or farther, that attack deals +15% damage.","","","","","","","","","","","","","","","","","","","","","","","",""
"Combat Insight","While the Operative's Perception bonus is 10 or higher, they gain +1 AP and ignore enemies' deflection.","","","","","","","","","","","","","","","","","","","","","","","",""
"Comprehensive Analysis","If the target of Analyse Enemies has 2 or more exploits, that target suffers +1 additional exploit.","","","","","","","","","","","","","","","","","","","","","","","",""
"Continuous Analysis","At the start of the Operative's turn, the enemy with the largest number of exploits receives an additional exploit stack. If two or more enemies are tied for the largest number of exploit stacks, one of those enemies is chosen at random.","","","","","","","","","","","","","","","","","","","","","","","",""
"Covert Protocol","While the Operative is in half cover, their cover efficiency is increased by +15%. This bonus is doubled if the Operative has not moved during their turn.","","","","","","","","","","","","","","","","","","","","","","","",""
"Improved Tactics","Tactical Knowledge requires 3 exploits instead of 4. The Operative's damage is increased by +INT bonus.","","","","","","","","","","","","","","","","","","","","","","","",""
"Inflict Despair","Whenever the Operative hits an enemy that is affected by both an exploit and Expose Weakness, that enemy loses -3 MP and their damage is reduced by -20% on their next turn.","","","","","","","","","","","","","","","","","","","","","","","",""
"Informed Hit","If the Operative uses Precise Attack on a target affected by (10 - INT bonus) or more exploits and scores a hit, that hit becomes a critical hit.","","","","","","","","","","","","","","","","","","","","","","","",""
"Insightful Precision","Precise Attack grants the Operative a bonus to Perception equal to (number of exploits removed / 2) (minimum 1) .","","","","","","","","","","","","","","","","","","","","","","","",""
"Joint Offensive","The Operative's allies gain +Operative's INT bonus / 2 hit chance and critical hit chance while attacking targets affected by exploits.","","","","","","","","","","","","","","","","","","","","","","","",""
"Offensive Pattern Prediction","The Operative suffers -(5 + INT bonus)% less damage from enemies affected by exploits.","","","","","","","","","","","","","","","","","","","","","","","",""
"Passive Learning","On their first turn in combat, the Operative randomly distributes the same number of exploits as when using Analyse Enemies among all enemies in a 10-cell radius around the Operative. At the start of each of the Operative's subsequent turns, they distribute half as many exploits (half the base amount) among all enemies in a 2-cell radius around the Operative.","","","","","","","","","","","","","","","","","","","","","","","",""
"Reactive Study","If an enemy affected by an exploit within 5 cells from the Operative attacks the Operative or their ally, that enemy suffers +1 additional exploit.","","","","","","","","","","","","","","","","","","","","","","","",""
"Sharpshooter","If the Operative has not moved this turn, they gain +PER bonus Ballistic Skill and +(INT bonus / 2) damage for every 5 cells between them and the target.","","","","","","","","","","","","","","","","","","","","","","","",""
"Sniper Expertise","Perfect Spot additionally grants the Operative +(5 + PER bonus)% armour penetration against enemies that are 7 cells away or farther.","","","","","","","","","","","","","","","","","","","","","","","",""
"Terrifying Presence","If Intimidation kills the target, the damage of all other enemies in the area of Intimidation is reduced by an additional -(4 X INT bonus)%.","","","","","","","","","","","","","","","","","","","","","","","",""
"Uncanny Sight","The Operative inflicts an exploit even on enemies which are out of the Operative's line of sight at the start of the turn.","","","","","","","","","","","","","","","","","","","","","","","",""
"Soldier","","","","","","","","","","","","","","","","","","","","","","","","",""
"Camaraderie","For each adjacent ally, the Soldier deals +(5 + BS bonus)% more damage to enemies.","","","","","","","","","","","","","","","","","","","","","","","",""
"Exploit Surroundings","Cover efficiency is increased by +10% for full cover and +20% for half cover.","","","","","","","","","","","","","","","","","","","","","","","",""
"Fired Up","Whenever the Soldier deals damage, their critical damage is increased by +1% until the end of combat.","","","","","","","","","","","","","","","","","","","","","","","",""
"Rack and Ruin","After the Soldier deals damage to 3 different enemies, the Soldier gains +(10 + 2 X BS bonus)% more damage for their next attack in the current combat.","","","","","","","","","","","","","","","","","","","","","","","",""
"Rapid Reload","Reloading costs -2 AP less (minimum 1). The first reload in a combat does not cost AP.","","","","","","","","","","","","","","","","","","","","","","","",""
"Unpredictable","The Soldier gains +(3 + AGI bonus)% critical hit chance. This bonus is doubled against enemies from which the Soldier is protected by cover at the moment of the attack.","","","","","","","","","","","","","","","","","","","","","","","",""
"Alacrity","Each shot fired by the Soldier grants them +1 Agility until the end of their next turn.","","","","","","","","","","","","","","","","","","","","","","","",""
"Combat Medicae","Healing an ally with a medikit in combat restores additional wounds equal to (Medicae / 10). Using medikits costs -1 AP less.","","","","","","","","","","","","","","","","","","","","","","","",""
"Demolition Engineer","The Soldier's Demolition instead of Intelligence is used to determine additional damage dealt with ranged area attacks. Deals 5% more damage for every 10 points in Demolition (instead of 5% for each 10 points of Intelligence).","","","","","","","","","","","","","","","","","","","","","","","",""
"Enough Bullets for everyone","The Soldier's second attack action in a turn deals +(5 + 2 x AGI bonus)% more damage to enemies that have not suffered damage from the Soldier during this turn.","","","","","","","","","","","","","","","","","","","","","","","",""
"Forewarning","While the Soldier has an ally adjacent to them, Controlled Shot costs -1 AP less to use.","","","","","","","","","","","","","","","","","","","","","","","",""
"Fortress","While the Soldier has full cover against an enemy, the Soldier gains +10% damage against that enemy, and the enemy's attacks deal -20% less damage against the Soldier and their cover if the cover is present at the moment when the shot is fired (even if the cover is destroyed by the shot).","","","","","","","","","","","","","","","","","","","","","","","",""
"Integrity / Alacrity","While at full wounds, the Soldier has +10 Ballistic Skill and +2 MP.","","","","","","","","","","","","","","","","","","","","","","","",""
"Muzzle Velocity","The first hit of each burst attacks deals additional damage equal to the weapon's current rate of fire.","","","","","","","","","","","","","","","","","","","","","","","",""
"On the double","The next use of Run and Gun, when used after Entrench, grants an additional +AGI bonus movement points.","","","","","","","","","","","","","","","","","","","","","","","",""
"Point-blank","All of the Soldier's area attacks gain +(5 + 3 X BS bonus)% armour penetration and ignore (BS bonus / 2) deflection when used against enemies in a 3-cell radius around the Soldier.","","","","","","","","","","","","","","","","","","","","","","","",""
"Second skin","The Soldier's medium armour does not reduce dodge.","","","","","","","","","","","","","","","","","","","","","","","",""
"Swift Slaughter","Revel in Slaughter can be used after 2 kills instead of 3.","","","","","","","","","","","","","","","","","","","","","","","",""
"Tactical disengage","Dash does not end the Soldier's movement for the turn. Enemies adjacent to the starting point of Dash will consider the Soldier their lowest priority target during their next turn.","","","","","","","","","","","","","","","","","","","","","","","",""
"Tenderise","Enemies damaged by the Soldier's area attacks suffer +(1 + BS bonus / 2) damage from the next attack that hits them.","","","","","","","","","","","","","","","","","","","","","","","",""
"Trace the trajectory","Whenever the Soldier successfully dodges or uses cover against an enemy's attack, they gain a guaranteed critical hit against that enemy.","","","","","","","","","","","","","","","","","","","","","","","",""
"Unfaltering Fire","Rapid Fire no longer reduces damage.","","","","","","","","","","","","","","","","","","","","","","","",""
"Bladedancer","","","","","","","","","","","","","","","","","","","","","","","","",""
"Blade in his hand","Any Bladedancer attacks made with a sword deal + AGI bonus% additional damage. This bonus damage is doubled if using a two-handed sword.","","","","","","","","","","","","","","","","","","","","","","","",""
"Blinding blades","Enemies attacked by the Bladedancer have their weapon Skill, Ballistaic Skill, and Perception reduced by -(10 + Bladedancer's WS bonus) until the start of the Bladedancer's next turn. These penalties do not stack.","","","","","","","","","","","","","","","","","","","","","","","",""
"Death Warden","The Bladedancer's Medicae is now determined by Weapon Skill instead of Intelligence (if their Weapon Skill is higher). The Bladedancer deals + (5 + Medicae / 10)% critical damage and can use medikits as if having Medicae skill advancement or the corresponding feature or talent.","","","","","","","","","","","","","","","","","","","","","","","",""
"Race Against Death","The Bladedancer's maximum wounds are increased by +(Bladedancer's dodge/10).","","","","","","","","","","","","","","","","","","","","","","","",""
"Rising Tempo","each attack made by the Bladedancer increases the damage of all subsequent attacks they make this turn by +5%. This effect stacks up to 3 times. Area attacks, burst attacks (including the Blade Dance), and any other attacks that deal multiple hits are considered single attacks.","","","","","","","","","","","","","","","","","","","","","","","",""
"Steady Hand","The Bladedancer's parry is increased by +TGH bonus%. An attacker's melee critical hit chance bonus determined by the difference between the attacker's and the Bladedancer's Weapon Skill characteristic is halved.","","","","","","","","","","","","","","","","","","","","","","","",""
"Sweeping Motions","The Bladedancer's melee area attacks cost -1 AP less (but not less than 1).","","","","","","","","","","","","","","","","","","","","","","","",""
"Anticipation","Whenever the Bladedancer parries a melee attack while under the effect of Veil of Blades, they deal 50% of ther normal damage to the attack. Additionally, while under the effect of Veil of Blades, the bladedancer's chance to deflect a ranged attack at an enemy is increased by +20%.","","","","","","","","","","","","","","","","","","","","","","","",""
"Balancing on the Edge","The Bladedancer can use both a desperate measure and a heroic act in the same combat (but not in the same round). Whenever the blade dancer uses a desperate measure, they gain +10 Weapon Skill and +3 resolve.","","","","","","","","","","","","","","","","","","","","","","","",""
"Blessed Scars","Whenever the Bladedancer is healed for the first time in a round, they are healed for an additional +TGH bonus wounds and gain +10 Toughness until the end of combat. Stacks.","","","","","","","","","","","","","","","","","","","","","","","",""
"Blood Bonds","Every ally targeted by Oath of Vengeance gains the same bonuses as the Bladedancer against all affected enemies.","","","","","","","","","","","","","","","","","","","","","","","",""
"Blood Rush","Whenever the Bladedancer uses an ability that costs wounds, they gain +3 MP in the current turn.","","","","","","","","","","","","","","","","","","","","","","","",""
"Bloody Requiem","Whenever the Bladedancer kills an enemy, the Bladedancer's resolve is increased by +1 until the end of combat.","","","","","","","","","","","","","","","","","","","","","","","",""
"Dance Partners","As long as the Bladedancer has two swords equipped, the Bladedancer's Weapon Skill is increased by +AGI bonus.","","","","","","","","","","","","","","","","","","","","","","","",""
"Duellist","The Bladedancer deals an additional +(5 + Bladedancer's WS bonus)% damage against enemies armed with a melee weapon.","","","","","","","","","","","","","","","","","","","","","","","",""
"Escape Artist","Whenever the Bladedancer dodges an attack made by an enemy who attacks them for the first time, the Bladedancer gains +1 charge of Death From Above.","","","","","","","","","","","","","","","","","","","","","","","",""
"Facing the End","The Bladedancer gains +3 Weapon Skill and +3 Agility for every injury they are currently suffering and +10 Weapon Skill and +10 Agility for every trauma.","","","","","","","","","","","","","","","","","","","","","","","",""
"Feel No Pain","Whenever the Bladedancer uses an ability that costs wounds, they gain half of the wounds spent as temporary wounds. The number of temporary wounds gained cannot be decreased by effects that reduce the cost of abilities.","","","","","","","","","","","","","","","","","","","","","","","",""
"Grand Performance","Targets affected by Captive Audience have their armour, dodge, and parry reduced by -(10 + AGI bonus)% until the end of combat. This penalty is doubled for targets failing the ability's Toughness resistance test.","","","","","","","","","","","","","","","","","","","","","","","",""
"Guillotine","Death From Above deals double damage to enemies that have less than 50% wounds.","","","","","","","","","","","","","","","","","","","","","","","",""
"In Footseps of Death","Every time an enemy is killed by Blade Dancer's allies, the amount of Movement Points Blade Dancer gets on their next turn increases by 2.","","","","","","","","","","","","","","","","","","","","","","","",""
"It Takes Two","If all the strikes made as part of Blade Dance are directed against the same target, the last strike deals double damage.","","","","","","","","","","","","","","","","","","","","","","","",""
"Killing Rhythm","Whenever the Bladedancer kills an enemy with an attack of opportunity, the Bladedancer immediately gains +1 charge of Death From Above.","","","","","","","","","","","","","","","","","","","","","","","",""
"Paid In blood","Once the Bladedancer has killed four enemies in total, the next ability which requires spending wounds will cost no wounds and instead restore (5 + 2 x TGH bonus) wounds.","","","","","","","","","","","","","","","","","","","","","","","",""
"Promises of blood","Blood Oath restores an additional +1 AP.","","","","","","","","","","","","","","","","","","","","","","","",""
"Shadow Dancer","As long as the Bladedancer has less than 50% wounds, they gain +12% dodge and +3 MP. The Bladedancer also gains +8% dodge and +2 MP for every unconscious ally in combat.","","","","","","","","","","","","","","","","","","","","","","","",""
"Slip Away","Whenever the Bladedancer uses Acrobatic Artistry, their dodge and cover efficiency are increased by +(5 + AGI bonus)% until the end of their next turn. This bonus is doubled against all attacks made by enemies during the Bladedancer's turn (including extra turns).","","","","","","","","","","","","","","","","","","","","","","","",""
"Spinning Blades","Whenever the Bladedancer parries an attack, the number of attacks made by the next Blade Dance is increased by +1. This effect stacks up to AGI bonus times.","","","","","","","","","","","","","","","","","","","","","","","",""
"Unforgiving","After the Bladedancer loses any number of wounds, their next attack deals +(5+TGH bonus)% more damage. If that loss causes the Bladedancer to suffer an injury or trauma, the bonus damage increases to +(10+2 x TGH bonus)%.","","","","","","","","","","","","","","","","","","","","","","","",""
"Assassin","","","","","","","","","","","","","","","","","","","","","","","","",""
"An Eye for the unscathed","Whenever the Assassin attacks an enemy that is at full wounds, the Assassin gains +20% dodge and dodge reduction against that enemy until the end of the Assassin's next turn.","","","","","","","","","","","","","","","","","","","","","","","",""
"Bringer of Doom","Whenever the Assassin attacks an enemy with a single-target attack, this attack reduces the target's armour and dodge by -15% until the end of the Assassin's turn. Does not stack.","","","","","","","","","","","","","","","","","","","","","","","",""
"Create an opening","If an enemy suffers a critical hit from one of the Assassin's allies, at the start of the Assassin's turn, a new opening is created on whichever side is closest to the Assassin.","","","","","","","","","","","","","","","","","","","","","","","",""
"Inevitable Enervation","Each use of Aim for the Opening on the same target reduces that target‘s dodge and dodge reduction by -10%. Stacks.","","","","","","","","","","","","","","","","","","","","","","","",""
"Perfect Opening","The Assassin gains +Lethality% chance to deal +5% of target's max wounds more damage to an opening.","","","","","","","","","","","","","","","","","","","","","","","",""
"Professional Acumen","Every turn, the first use of an Assassin ability costs 0 AP.","","","","","","","","","","","","","","","","","","","","","","","",""
"Ambush","At the start of the Assassin's turn, all enemies that do not have the Assassin in their line of sight suffer the unsuspecting effect until the end of the Assassin's turn. Unsuspecting: the Assassin gains +7% hit chance and +7% critical hit chance against unsuspecting enemies.","","","","","","","","","","","","","","","","","","","","","","","",""
"Carmine Whisper","The haemorrhage effect applied by Death Whisper deals an additional +10 damage.","","","","","","","","","","","","","","","","","","","","","","","",""
"Deadly Calculation","For every 10 damage dealt by an Assassin's attack, that attack also deal +1 direct damage to the same target. Direct Damage: damage that cannot be reduced by the target's parameters or bonuses.","","","","","","","","","","","","","","","","","","","","","","","",""
"Disarray","Whenever the Assassin deals direct damage, the target must pass an Agility resistance test with a -(2 X Assassin's AGI bonus) penalty or become slowed until the end of their next turn.","","","","","","","","","","","","","","","","","","","","","","","",""
"Elusive Speed","If the Assassin is elusive at the start of their turn, they gain +4 MP and +10 lethality until the end of their turn.","","","","","","","","","","","","","","","","","","","","","","","",""
"Esquieve","Each successful dodge grants the Assassin +(Lethality / 5)% damage for the next successful attack.","","","","","","","","","","","","","","","","","","","","","","","",""
"Flawless Lunge","Poised to Strike also reduces the target's dodge by -(2 X AGI bonus)%.","","","","","","","","","","","","","","","","","","","","","","","",""
"Gruesome Gust","The armour penetration penalty of Feinting Attack is reduced to -20%.","","","","","","","","","","","","","","","","","","","","","","","",""
"Imminent Demise","Whenever the Assassin deals direct damage to an enemy, that enemy suffers +1 stack of the vulnerable effect. Vulnerable: the character suffers +(number of vulnerable stacks) X PER bonus% more damage from the Assassin's attacks. Direct Damage: damage that cannot be reduced by the target's parameters or bonuses.","","","","","","","","","","","","","","","","","","","","","","","",""
"Keep your distance","Whenever the Assassin has no more than 1 adjacent enemy, any enemy that moves into a cell adjacent to the Assassin must pass an Agility resistance test with a -(2 X STR bonus) penalty or fall prone, if possible, and become  immobilised until the start of that enemy's next turn.","","","","","","","","","","","","","","","","","","","","","","","",""
"Killing Spree","Whenever the Assassin hits an opening, the Assassin's damage is increased by +(AGI bonus / 2)% until the end of combat. Stacks.","","","","","","","","","","","","","","","","","","","","","","","",""
"Leave no witness","The enemy last damaged by the Assassin suffers the witness effect. Witness: if a witness does not have the Assassin in their line of sight at the end of the Assassin's turn, that witness suffers (lethality / 3)% of the maximum base damage of the Assassin's current weapon.","","","","","","","","","","","","","","","","","","","","","","","",""
"Lethality Heightens","Whenever the Assassin deals 5 or more direct damage to an enemy with a single attack, the Assassin gains +10 lethality until the end of combat. Stacks.","","","","","","","","","","","","","","","","","","","","","","","",""
"Lone Killer","While the Assassin has no allies in a 5-cell radius around them, they gain +10% dodge and +10% dodge reduction.","","","","","","","","","","","","","","","","","","","","","","","",""
"Morbid Pirouette","Danse Macabre deals additional +AGI bonus direct damage.","","","","","","","","","","","","","","","","","","","","","","","",""
"Mortally Effective","Whenever the Assassin hits a target with an attack that has 100 lethality or greater for the first time in a round, the Assassin immediately regains the AP spent for that attack.","","","","","","","","","","","","","","","","","","","","","","","",""
"Outsmart","Whenever the Assassin hits an enemy without hitting the enemy's opening, the Assassin gains +2 X (AGI bonus)% dodge until the start of their next turn.","","","","","","","","","","","","","","","","","","","","","","","",""
"Seize the advantage","The Assassin gains +15 lethality against enemies that have any of following effects: slowed, immobilised, or haemorrhage. The bonus is gained for each of these effects but cannot exceed +45 lethality.","","","","","","","","","","","","","","","","","","","","","","","",""
"Vanguard","","","","","","","","","","","","","","","","","","","","","","","","",""
"Enduring Shield","While the Vanguard has at least 1 temporary wound, they gain +(5 + TGH Bonus)% parry and armour.","","","","","","","","","","","","","","","","","","","","","","","",""
"Formidable DIstraction","All enemies in a 2-cell radius around the Vanguard suffer a -(5 + FEL bonus)% penalty to dodge against all attacks except the Vanguard's. If any of these enemies consider the Vanguard a priority target, those enemies suffer  a -(5 + 2 X FEL bonus)% penalty to dodge instead.","","","","","","","","","","","","","","","","","","","","","","","",""
"Renitent Beacon","Each Stack of unyielding beacon additionally increases armour and parry by +1%.","","","","","","","","","","","","","","","","","","","","","","","",""
"Resilient Beacon","Critical hits deal -(15 + 2 x TGH bonus)% less damage to the Vanguard.","","","","","","","","","","","","","","","","","","","","","","","",""
"Selfless Resilience","Allies affected by any of the Vanguard's abilities gain +(2 X Vanguard's FEL bonus)% armour for 1 round. Does not stack.","","","","","","","","","","","","","","","","","","","","","","","",""
"Taunting Defence","The Vanguard gains +(5 + 2 x TGH bonus)% parry against enemies that consider the Vanguard a priority target.","","","","","","","","","","","","","","","","","","","","","","","",""
"Taunting Opportunity","Whenever the Vanguard hits an enemy with an attack of opportunity, that enemy must make a Willpower resistance test. On a failed test, the Vanguard becomes this enemy's priority target until the end of the Vanguard's next turn.","","","","","","","","","","","","","","","","","","","","","","","",""
"Beacon of Might","At the start of the Vanguard's turn, before their temporary wounds are lost, the Vanguard gains +number of temporary wounds Strength for 1 round.","","","","","","","","","","","","","","","","","","","","","","","",""
"Centre of Attention","For each enemy that considers the Vanguard a priority target, the Vanguard's armour is increased by +5%.","","","","","","","","","","","","","","","","","","","","","","","",""
"Counter-Attack Stance","Defensive Stance now has a -10 penalty to Weapon Skill for attacks of opportunity granted by this ability instead of -20. These attacks of opportunity deal an additional +TGH bonus damage.","","","","","","","","","","","","","","","","","","","","","","","",""
"Covering Bulwark","While Bulwark is active, the Vanguard counts as full cover for their allies and grants the adjacent allies +(stacks of unyielding beacon / 2) damage deflection against ranged attacks.","","","","","","","","","","","","","","","","","","","","","","","",""
"Defensive Comrade","While the Vanguard has at least one ally in a 2-cell radius, the Vanguard gains +(3 Vanguard's TGH bonus)% parry.","","","","","","","","","","","","","","","","","","","","","","","",""
"Offensive Follow","Whenever an ally uses Following!, that ally gains +(5 + 2 X Vanguard's FEL bonus)% more damage against all enemies in a 2-cell radius around the Vanguard for 1 round.","","","","","","","","","","","","","","","","","","","","","","","",""
"On Your Feet!","The next attack made by an ally under the effect of Forced Distraction additionally grants +3 MP to that ally.","","","","","","","","","","","","","","","","","","","","","","","",""
"Overwhelming Provocation","If the target of Provocation is hit by at least one attack of opportunity caused by Provocation, the target gains +1 stack of fatigued until the end of combat. Fatigued: the target suffers a -10 penalty to, Strength, Toughness, and Agility for each stack of fatigued. MP are reduced by -1 for each stack.","","","","","","","","","","","","","","","","","","","","","","","",""
"Protective Word","All allies affected by the Vanguard's abilities (but not the Vanguard themselves) are -(5 + Vanguard's FEL bonus)% less likely to suffer a critical hit.","","","","","","","","","","","","","","","","","","","","","","","",""
"Punish The Imprudent","Once per round, whenever an enemy that considers the Vanguard a priority target enters a cell adjacent to the Vanguard, that enemy provokes an attack of opportunity.","","","","","","","","","","","","","","","","","","","","","","","",""
"Unflinching","Whenever an attack made by an ally hits the Vanguard for the first time in a round, that attack deals no damage to the Vanguard. If this attack is a burst attacks, this applies to each successful hit in the burst.","","","","","","","","","","","","","","","","","","","","","","","",""
"Unyielding Resolve","While at maximum stacks of unyielding beacon, the Vanguard gains +7 resolve.","","","","","","","","","","","","","","","","","","","","","","","",""
"Wall of Ferrocrete","Wall of Rockcrete now grants +TGH bonus temporary wounds to allies.","","","","","","","","","","","","","","","","","","","","","","","",""
"Words of Endurance","Whenever the Vanguard's ally in a 2-cell radius around them is hit, the Vanguard grants that ally +FEL bonus temporary Wounds. Once per round for each ally.","","","","","","","","","","","","","","","","","","","","","","","",""
"Bounty Hunter","","","","","","","","","","","","","","","","","","","","","","","","",""
"Gruesome Kill","Whenever prey is killed, all enemies in a 10-cell radius around the prey have their Agility reduced by -(5 X prey's difficulty tier) for 2 rounds.","","","","","","","","","","","","","","","","","","","","","","","",""
"Heightened Concentration","Whenever the Bounty Hunter scores a critical hit, they gain +PER bonus% armour penetration until the end of combat. Stacks.","","","","","","","","","","","","","","","","","","","","","","","",""
"Hunting Surge","Whenever an enemy is killed by a critical hit scored by the Bounty Hunter or their ally, the Bounty Hunter gains +(2 X enemy's difficulty tier)% damage or 2 rounds.","","","","","","","","","","","","","","","","","","","","","","","",""
"Pierce the Armour","Each enemy affected by Piercing Shot has their armour reduced by -BS bonus% until the end of combat. Stacks.","","","","","","","","","","","","","","","","","","","","","","","",""
"Share the Spoils","Whenever an ally kills prey, the Bounty Hunter gains half of the bonuses granted by Hunt Down the Prey.","","","","","","","","","","","","","","","","","","","","","","","",""
"Withdraw","Whenever the Bounty Hunter is attacked in melee range for the first time since the end of their turn, they automatically dodge that attack and move 1 cell in the opposite direction from the enemy. The Bounty Hunter does not provoke attack of opportunity with this movement.","","","","","","","","","","","","","","","","","","","","","","","",""
"Catch","Whenever the Bounty Hunter hits an enemy with an attack, they inflict the catch effect on that enemy. Catch: at the start of the Bounty Hunter's turn, this target suffers a stacking - (2 X (catch's difficulty tier + PER bonus))% penalty to their armour and dodge. Once the catch moves or suffers damage, the catch effect and the penalties are removed.","","","","","","","","","","","","","","","","","","","","","","","",""
"Claim and Maim","If Claim the Bounty kills an enemy, the Bounty Hunter's next attack this turn will always score a critical hit.","","","","","","","","","","","","","","","","","","","","","","","",""
"Critical Chain","Whenever the Bounty Hunter kills an enemy with a critical hit, all allies in a 7- cell radius around the target gain +target‘s difficulty tier% critical hit chance until the end of combat. Stacks.","","","","","","","","","","","","","","","","","","","","","","","",""
"Cut to the chase","Whenever the Bounty Hunter scores a critical hit for the first time in a round, they gain +target's difficulty tier movement points.","","","","","","","","","","","","","","","","","","","","","","","",""
"Expert Finesse","Whenever the Bounty Hunter kills an enemy whose difficulty tier is IV or higher, the Bounty Hunter immediately reloads their weapon and attacks the closest enemy in their line of sight. This attack gains +50% overpenetration but deals only (4 x (BS bonus + PER bonus))% of the Bounty Hunter's usual damage.","","","","","","","","","","","","","","","","","","","","","","","",""
"Flay The bold","Cull the Bold additionally removes -target's difficulty tier deflection, -(2 X target's difficuIty tier) Willpower, and -(2 X target's difficulty tier) Toughness from the target.","","","","","","","","","","","","","","","","","","","","","","","",""
"Guidance","The Bounty Hunter's first critical hit in a round grants their allies a stacking +(target's difficulty tier + Bounty Hunter's PER bonus / 3)% bonus to armour penetration until the end of combat. Once a character with this bonus reloads, the bonus is removed.","","","","","","","","","","","","","","","","","","","","","","","",""
"Hunter's Ambush","When the Bounty Hunter performs a single-shot attack on an immobilised or stunned target, this attack refunds its cost and does not count for the attack limit. Once per round.","","","","","","","","","","","","","","","","","","","","","","","",""
"Inspiring Trophy","Whenever the Bounty Hunter kills prey whose difficulty tier is IV or higher, the Bounty Hunter additionally gains +2 AP.","","","","","","","","","","","","","","","","","","","","","","","",""
"Kill Squad","Raid grants an ally an additional +(2 X prey's difficulty tier)% damage against prey.","","","","","","","","","","","","","","","","","","","","","","","",""
"Pierce and Ruin","Whenever the Bounty Hunter scores a critical hit, the target's armour is reduced by -(BS bonus + target's difficulty tier)% until the end of combat. Stacks.","","","","","","","","","","","","","","","","","","","","","","","",""
"Pounce","The Bounty Hunter's allies gain +(3 + Bounty Hunter's PER bonus) critical hit chance against enemies affected with one or more of the following effects: prey, trailed, or immobilised.","","","","","","","","","","","","","","","","","","","","","","","",""
"Retaliate","Whenever prey deals damage to the Bounty Hunter's ally, the Bounty Hunter gains +prey's difficulty tier% damage against that prey for 2 rounds. Stacks.","","","","","","","","","","","","","","","","","","","","","","","",""
"Savour the Kill","Whenever prey that is not being trailed is killed by an ally, the Bounty Hunter gains an extra turn with half of their MP and AP. The Bounty Hunter cannot attack during this extra turn.","","","","","","","","","","","","","","","","","","","","","","","",""
"Trail and Shatter","Hot on the Trail now has an unlimited range and reduces the target's armour by -(3 + PER bonus)% for 2 rounds.","","","","","","","","","","","","","","","","","","","","","","","",""
"We Got 'Em","At the start of the Bounty Hunter's turn, they gain +2 MP for each ally who is adjacent to prey.","","","","","","","","","","","","","","","","","","","","","","","",""
"Master Tactician","Tacticical Advantage: The Master Tactician gains +1 stack of tactical advantage per every 5 momentum gained by the Master Tactician or their allies. The Master Tactician begins combat with the amount of tactical advantage stacks equal to their FEL bonus.","","","","","","","","","","","","","","","","","","","","","","","",""
"Against All Odds","The Master Tactician begins combat with additional stacks of tactical advantage equal to the number of enemies.","","","","","","","","","","","","","","","","","","","","","","","",""
"Brink of Death","The Master Tactician deals +12% more damage to targets with less than 50% wounds and heals +20% more wounds for targets with less than 50% wounds.","","","","","","","","","","","","","","","","","","","","","","","",""
"Hidden Advantage","All the Master Tactician's abilities work as if the Master Tactician has FEL bonus more stacks of tactical advantage.","","","","","","","","","","","","","","","","","","","","","","","",""
"Joint Offensive","For every enemy hit by the Master Tactician's attack, the Master Tactician gains +1 stack of tactical advantage.","","","","","","","","","","","","","","","","","","","","","","","",""
"Nerves of Steel","Whenever the Master Tactician or their allies gain momentum, they gain +1 more. Whenever the Master Tactician or their allies lose momentum, they lose -1 less.","","","","","","","","","","","","","","","","","","","","","","","",""
"Reliance","Using Linchpin now spends only 1/4 of tactical advantage stacks instead of 1/2.","","","","","","","","","","","","","","","","","","","","","","","",""
"Suppressive Fire","All enemies hit by the Master Tactician have +10% higher chances of hitting a cover when shooting at the Maste Tactician's allies behind a cover.","","","","","","","","","","","","","","","","","","","","","","","",""
"Ally Coordination","All allies have +25% dodge against attacks made by allies, deal -25% less damage to allies, and deal -50% less additional damage with critical hits against allies.","","","","","","","","","","","","","","","","","","","","","","","",""
"Comfort in Conformity","Whenever an ally grants the Master Tactician stacks of tactical advantage, that ally also heals 1 wound for every stack granted.","","","","","","","","","","","","","","","","","","","","","","","",""
"Cost-Effective","Grenades and medikits cost -1 less action point to use (minimum 0).","","","","","","","","","","","","","","","","","","","","","","","",""
"Dawn of Victory","Every critical hit scored by the Master Tactician grants them momentum equal to (resolve / 2). Works up to 3 times per turn.","","","","","","","","","","","","","","","","","","","","","","","",""
"Heroic Inspiration","The first ability the Master Tactician uses after the very first heroic act used in combat will cost 0 action points until the end of combat.","","","","","","","","","","","","","","","","","","","","","","","",""
"In the Hero's Footsteps","Whenever the Master Tactician's ally uses a heroic act, the Master Tactician gains +5 Fellowship. Whenever their ally uses a desperate measure, the Master Tactician gains +5 Toughness. These bonuses stack and last until the end of combat.","","","","","","","","","","","","","","","","","","","","","","","",""
"Logistical Superiority","Whenever the Master Tactician or the Master Tactician's ally uses any consumable item (e.g., grenade, medikit, etc.) or reloads a weapon, the Master Tactician gains +2 stacks of tactical advantage.","","","","","","","","","","","","","","","","","","","","","","","",""
"Perfect Finish","Finish the Job gains +75% critical hit chance.","","","","","","","","","","","","","","","","","","","","","","","",""
"Personal Involvement","Every enemy killed by the Master Tactician increases the Master Tactician's resolve by +1 until the end of combat.","","","","","","","","","","","","","","","","","","","","","","","",""
"Primary Objective","Assign Objective also makes the target suffer +7% more damage from any source until the beginning of the Master Tactician's next turn.","","","","","","","","","","","","","","","","","","","","","","","",""
"Salvation","Using medikits on an ally under the effects of the Master Tactician's archetype abilities heals that target for additional wounds equal to (Master Tactician's FEL bonus + target's TGH bonus) and removes an extra injury wit out any tests.","","","","","","","","","","","","","","","","","","","","","","","",""
"Stacking the Deck","Whenever the Master Tactician spends tactical advantage stacks on abilities, the critical damage dealt by the Master Tactician increases by +1% for every stack spent until the end of the turn.","","","","","","","","","","","","","","","","","","","","","","","",""
"Stand Resolute","Whenever the Master Tactician heals an ally, that ally gains +1 resolve until the end of combat. This effect stacks up to a maximum of +FEL bonus.","","","","","","","","","","","","","","","","","","","","","","","",""
"Stronghold","Strongpoint also grants half the amount of temporary wounds to the ally closest to the target.","","","","","","","","","","","","","","","","","","","","","","","",""
"Support the Advance","At the beginning of the Master Tactician's turn, if their momentum is higher than 125, the first burst attack or area attack used by the master tactician this turn costs -1 less AP (minimum 0).","","","","","","","","","","","","","","","","","","","","","","","",""
"Tacticial Respite","Whenever the Master Tactician reloads a weapon, all allies within a 3-cell radius around the Master Tactician also reload their weapons.","","","","","","","","","","","","","","","","","","","","","","","",""
"Undisputed Advantage","Press the Advantage ignores cover and dodge.","","","","","","","","","","","","","","","","","","","","","","","",""
"Unwavering Motivation","The target of Inspire gains +1 additional damage for every 10 stacks of tactical advantage until the beginning of the Master Tactician's next turn.","","","","","","","","","","","","","","","","","","","","","","","",""
"Grand Strategist","","","","","","","","","","","","","","","","","","","","","","","","",""
"Adjusting Frontline","If there are more enemies than allies in the Frontline area, all allies in the area gain +(3 + (Grand Strategist's INT + FEL bonus) / 2)% to parry and dodge. If there are more allies than enemies in the Frontline area, all allies in the area deal +(3 + (Grand Strategist's INT + FEL bonus) / 2)% damage.","","","","","","","","","","","","","","","","","","","","","","","",""
"Crossfire Zone","Using a stratagem on a Frontline area grants allies in the area +(10 + 2 x (Grand Strategist's INT + FEL bonus))% increased dodge against other allies' hattacks.","","","","","","","","","","","","","","","","","","","","","","","",""
"Diversion Zone","Using a stratagem on a Rear area also makes the allies in that area the enemies' lowest priority targets for 1 round.","","","","","","","","","","","","","","","","","","","","","","","",""
"Enduring Zone","Using a stratagem on a Combat Tactics area grants all allies in the area +INT bonus deflection against the next melee hit they suffer.","","","","","","","","","","","","","","","","","","","","","","","",""
"Personal Zone","Allies, including the Grand Strategist, in the same Combat Tactics area with the Grand Strategist gain +(3 + INT bonus / 2) Perception and Agility.","","","","","","","","","","","","","","","","","","","","","","","",""
"Point of Interest","All Combat Tactics bonuses are increased by +((INT + FEL bonus) / 2)% if the area was not moved for 2 rounds.","","","","","","","","","","","","","","","","","","","","","","","",""
"Redeployment","Every time a Combat Tactics area is affected by a stratagem, all allies in that area gain +1 MP for the following turn. Stacks with itself.","","","","","","","","","","","","","","","","","","","","","","","",""
"Blurred Locus","After the use of Combat Locus Stratagem, one of the areas removed by Combat Locus Stratagem can be recreated immediately.","","","","","","","","","","","","","","","","","","","","","","","",""
"Critical Zone","Using a stratagem on a Backline area grants allies in the area +(3 + (Grand Strategist's INT + FEL bonus) / 2)% increased critical hit chance against enemies they are protected by cover from.","","","","","","","","","","","","","","","","","","","","","","","",""
"Daunting Zone","Willpower resistance tests forced by Overwhelming Stratagem are made with a -(5 + 2 X (INT + FEL bonus)) penalty.","","","","","","","","","","","","","","","","","","","","","","","",""
"Disputed Zone","Enemies in the same Combat Tactics area with the Grand Strategist suffer a -(3 + (Grand Strategist's INT + FEL bonus) / 2)% penalty to dodge and parry.","","","","","","","","","","","","","","","","","","","","","","","",""
"Fire at Will","If there are no enemies in the Backline area, the first attack in the turn made by every ally in that area costs -1 AP less.","","","","","","","","","","","","","","","","","","","","","","","",""
"Fortress Zone","Allies under the effects of Trenchline Stratagem will dodge area attacks without movement and are immune to all types of forced movement.","","","","","","","","","","","","","","","","","","","","","","","",""
"Improvised Strategy","At the start of combat, the Grand Strategist gains one random unknown stratagem and can use it until the end of combat for 0 AP.","","","","","","","","","","","","","","","","","","","","","","","",""
"Inescapable Zone","Re-rolls forced by Killzone Stratagem are made with a -15 penalty.","","","","","","","","","","","","","","","","","","","","","","","",""
"Mobility Zone","Using a stratagem on a Combat Tactics area grants all allies in the area the ability to move 1 cell without provoking attacks of opportunity.","","","","","","","","","","","","","","","","","","","","","","","",""
"Opening Strategy","The first stratagem used in a turn can be used a second time for 0 AP.","","","","","","","","","","","","","","","","","","","","","","","",""
"Overcoming Zone","Every time allies under the effect of Stronghold Stratagem should have suffered an injury, they gain +(INT + FEL bonus) temporary wounds instead.","","","","","","","","","","","","","","","","","","","","","","","",""
"Personal Combat Zone","Allies gain the ability to reposition the Combat Tactics area they are currently at the cost of 1 AP.","","","","","","","","","","","","","","","","","","","","","","","",""
"Respite Zone","All allies in the Rear area are healed by medikits for +(5 + Grand Strategist's INT + FEL bonus) more and gain the same amount of temporary wounds. Medikits used by allies in the Rear area toost -1 AP less.","","","","","","","","","","","","","","","","","","","","","","","",""
"Sniping Zone","Each ally in the Rear area gains +(3 + (Grand Strategist's INT + FEL bonus) / 2)% critical hit chance if there are no enemies in a 5-cell radius around the ally.","","","","","","","","","","","","","","","","","","","","","","","",""
"Strategic Offensive","Every enemy killed in the Frontline area increases all bonuses of Combat Tactics areas by +1 until the end of combat.","","","","","","","","","","","","","","","","","","","","","","","",""
"Strategic Perfection","Each time the Grand Strategist uses a stratagem, they gain a stack of the strategic perfection effect. At 6 stacks of strategic perfection, the next stratagem applies the benefits of all stratagems known by the Grand Strategist, then all the stacks are removed.","","","","","","","","","","","","","","","","","","","","","","","",""
"Strongpoint","Using a stratagem on a Combat Tactics area for the second time in a turn refunds 1 AP. This effect can be activated once per turn.","","","","","","","","","","","","","","","","","","","","","","","",""
"Support Zone","Using a stratagem on a Combat Tactics area grants the Grand Strategist the ability to use all Officer abilities on allies in the area regardless of distance.","","","","","","","","","","","","","","","","","","","","","","","",""
"Arch-Militant","","","","","","","","","","","","","","","","","","","","","","","","",""
"Always Ready","The Arch-Militant begins combat with 2 stacks of versatility.","","","","","","","","","","","","","","","","","","","","","","","",""
"Broad Expertise","When entering combat the Arch-Militant gains +(2 X BS bonus) Weapon Skill, and +(2 X WS bonus) Ballistic Skill until end of combat.","","","","","","","","","","","","","","","","","","","","","","","",""
"Critical Versatility","The Arch-Militant gains a +(5 + number of Versatility stacks)% bonus to critical damage. This bonus is kept when the Arch-Militant uses Cautious Approach or Confident Approach.","","","","","","","","","","","","","","","","","","","","","","","",""
"Dependable","The Arch-Militant gains a +(5 + stack of versatility)% bonus to armour. This bonus is kept when the Arch-Militant uses Cautious Approach or Confident Approach.","","","","","","","","","","","","","","","","","","","","","","","",""
"Exploit Weakness","When the Arch-Militant attacks targets that have their armour reduced by any effects applied by the Arch-Militant's allies, the Arch-Militant deals +10% damage. When the Arch-Militant attacks targets that have their deflection reduced by any effects applied by the Arch-Militant's allies, the Arch-Militant deals +2 damage.","","","","","","","","","","","","","","","","","","","","","","","",""
"Preferred Targets","When the Arch-Militant attacks targets that have their dodge reduced by any effects applied by the Arch-Militant's allies, the Arch-Militant gains +10% critical hit chance. When the Arch-Militant attacks targets that have their parry reduced by any effects applied by the Arch-Militant's allies, the Arch-Militant deals +20% critical damage.","","","","","","","","","","","","","","","","","","","","","","","",""
"Accustomed to Glory","Whenever the Arch-Militant or their ally uses a heroic act or a desperate measure, the Arch-Militant gains +1 and +10 damage for all attacks until the end of combat.","","","","","","","","","","","","","","","","","","","","","","","",""
"Adaptability","Gaining a stack of versatility increases critical hit chance by +5% until the end turn. Stacks.","","","","","","","","","","","","","","","","","","","","","","","",""
"All Out","While the Arch-Militant is under the effects of Reckless Rush, their attacks do not cost MP.","","","","","","","","","","","","","","","","","","","","","","","",""
"Armsmaster","Killing an enemy with a melee attack makes all the Arch-Militant's ranged attacks this turn cost -1 AP (min 1), and vice versa. Does not stack.","","","","","","","","","","","","","","","","","","","","","","","",""
"Awaiting Orders","Every round, the first single-target ability used by an ally on the Arch-Militant grants +1 action point to that ally.","","","","","","","","","","","","","","","","","","","","","","","",""
"Blood Haze","As long as the Arch-Militant has killed at least one enemy with a melee attack this round, the Arch-Militant gains a +(10 + AGI bonus)% bonus to dodge.","","","","","","","","","","","","","","","","","","","","","","","",""
"Breaking Attack","Devastating Attack also reduces the target's armour by -7% and Toughness by -10 until the end of combat. Does not stack.","","","","","","","","","","","","","","","","","","","","","","","",""
"Calm and Steady","While under the effect of Confident Approach, the Arch-Militant keeps half of the usual bonuses from versatility.","","","","","","","","","","","","","","","","","","","","","","","",""
"Close-Quarters Training","The Arch-Militant can use two-handed ranged weapons within melee range but with a -10 penalty to Ballistic Skill.","","","","","","","","","","","","","","","","","","","","","","","",""
"Contempt for the weak","The Arch-Militant deals +20% critical damage against targets that are stunned, prone, or blinded.","","","","","","","","","","","","","","","","","","","","","","","",""
"Crippling Blasts","Any ranged area and burst attacks of the Arch-Militant reduce the Weapon Skill of all enemies hit by -10 until the end of combat. Does not stack.","","","","","","","","","","","","","","","","","","","","","","","",""
"Discipline","The Arch-Militant gains +1 stack of versatility whenever an ally grants the Arch-Militant an extra turn.","","","","","","","","","","","","","","","","","","","","","","","",""
"Dismantle","Any of the Arch-Militant's area attacks, both melee and ranged, reduce the deflection of all the enemies hit by -2 and their armour by -7% until the end of combat. Does not stack.","","","","","","","","","","","","","","","","","","","","","","","",""
"Distract","Any of the Arch-Militant's burst attacks and melee area attacks reduce dodge of all the enemies hit by -8% until the end of combat. Does not stack.","","","","","","","","","","","","","","","","","","","","","","","",""
"Flashfire","The cost of Wildfire is reduced by -1 AP for every 3 stacks of versatility instead of 4.","","","","","","","","","","","","","","","","","","","","","","","",""
"Focal Point","The Arch-Militant deals +15% damage to targets that have a priority target regardless of whether that target is the Arch-Militant or someone else.","","","","","","","","","","","","","","","","","","","","","","","",""
"Heavy Gunner","The Arch-Militant's heavy weapon attacks cost -1 action point.","","","","","","","","","","","","","","","","","","","","","","","",""
"Ingenious","Enemies that were forced to make a resistance test by the Arch-Militant will make any resistance tests from any source with a -(10 + 2 X AGI bonus) penalty until the end of combat.","","","","","","","","","","","","","","","","","","","","","","","",""
"Martial Art","Targets of Kick must pass a Toughness resistance test with a -(2 X Arch- Militant's STR bonus) penalty or fall prone for 1 round.","","","","","","","","","","","","","","","","","","","","","","","",""
"Survivor","Using Cautious Approach also grants the Arch-Militant temporary wounds equal to 10% of the Arch-Militant's maximum wounds. The same happens at the start of every turn while the Arch-Militant remains under the effect of Cautious Approach.","","","","","","","","","","","","","","","","","","","","","","","",""
"Executioner","","","","","","","","","","","","","","","","","","","","","","","","",""
"Acute Pain","Whenever an enemy suffers damage from a damage-over-time effect inflicted by the Executioner for the first time in combat, this damage is increased by +100%.","","","","","","","","","","","","","","","","","","","","","","","",""
"All-Encompassing Agony","If an enemy suffering from any of the Executioner's damage-over-time effects is suffering from bleeding, burning (including the effects inflicted by a pyromancer or a Navigator), and toxin (including the effects inflicted by a biomancer) at the same time, all of these damage-over-time effects deal +30% more damage to that enemy.","","","","","","","","","","","","","","","","","","","","","","","",""
"Anatomy Expert","The maximum number of wounds for the Executioner depends on their Medicae instead of Toughness.","","","","","","","","","","","","","","","","","","","","","","","",""
"Battle of Attrition","At the start of each round, all enemies suffering from any damage-over-time effects inflicted by the Executioner have their incoming damage-over-time from any source increased by +20%. Stacks.","","","","","","","","","","","","","","","","","","","","","","","",""
"Bleeding Stigmata","Targets of Exsanguination are also immune to toxin and burning while suffering from bleeding.","","","","","","","","","","","","","","","","","","","","","","","",""
"Bloody Trail","While moving, all bleeding enemies leave a bloody trail on the ground which remains for 1 round. Moving through these bloodstained cells costs the Executioner 0 MP.","","","","","","","","","","","","","","","","","","","","","","","",""
"Death in the Air","Whenever an enemy suffering from toxin inflicted by the Executioner dies, all enemies in a 2-cell radius around that enemy suffer (INT bonus) levels of toxin.","","","","","","","","","","","","","","","","","","","","","","","",""
"Death Warrant","The level of the damage-over-time effect inflicted by the Executioner's Merciless Verdict is increased by +(maximum weapon damage / 5).","","","","","","","","","","","","","","","","","","","","","","","",""
"Deep Laceration","When using Scourging Strikes, the Executioner's melee critical hits inflict (3 x STR bonus) levels of bleeding on their targets instead of (2 x STR bonus) levels.","","","","","","","","","","","","","","","","","","","","","","","",""
"Does it Hurt?","All damage-over-time effects inflicted by the Executioner gain a 20% critical hit chance. This chance is increased by all bonuses to critical hit chance.","","","","","","","","","","","","","","","","","","","","","","","",""
"Everlasting Agony","The duration of negative effects inflicted by Pain Resonance is increased by +1 round, and the penalty to the corresponding resistance tests is increased to — (20 + medicae/5).","","","","","","","","","","","","","","","","","","","","","","","",""
"Fragile Playthings","The first instance of damage dealt by the Executioner's damage-over-time effects in around reduces the inflicted enemy's armour by — (10 + INT bonus)% until the end of combat. This effect can be inflicted on multiple enemies per round, but only once per enemy. Stacks.","","","","","","","","","","","","","","","","","","","","","","","",""
"Hardened Body","Whenever the Executioner or their party members are suffering from any damage-over-time effects, these effects deal only 50% of their damage. Stacks multiplicatively (50% damage if there is one Executioner with this talent in the party, 25% damage if there are two Executioners with this talent in the party, etc.)","","","","","","","","","","","","","","","","","","","","","","","",""
"Internal Bleeding","When pushing an enemy, the Executioner also inflicts (Medicae/10) levels of bleeding on that enemy.","","","","","","","","","","","","","","","","","","","","","","","",""
"Invigorating Screams","Whenever an enemy in a 4-cell radius around the Executioner suffers damage from a damage-over-time effect, the Executioner regains + (TGH bonus/2) wounds.","","","","","","","","","","","","","","","","","","","","","","","",""
"Maddening Flames","At the start of their turn, an enemy suffering from burning inflicted by the Executioner must make a Willpower resistance test. If failed, burning is removed and the enemy falls prone until the start of their next turn.","","","","","","","","","","","","","","","","","","","","","","","",""
"Master of Torture","The Executioner deals +5% more damage to a target for each type of damage-over- time effect inflicted on that target.","","","","","","","","","","","","","","","","","","","","","","","",""
"Perfect Anatomy","The Executioner's armour is increased by + (5 + maximum wounds/20)%.","","","","","","","","","","","","","","","","","","","","","","","",""
"Racking Weakness","The damage dealt by the Executioner's damage-over-time effects is increased by (medicae / 20)% for every -10% penalty to armour suffered by the target from any source.","","","","","","","","","","","","","","","","","","","","","","","",""
"Reprieve","If the Executioner used Reckless Abandon in the previous round and, by the start of their turn, still has temporary wounds, they are healed for + (15% of maximum wounds) wounds.","","","","","","","","","","","","","","","","","","","","","","","",""
"Revelling in Suffering","Each adjacent creature counts as two for the purpose of calculating the bonuses granted by Gift of Torment.","","","","","","","","","","","","","","","","","","","","","","","",""
"Sickening Pain","Whenever a single instance of damage from any of the Executioner's damage-over-time effects deals damage equal to or more than 10% of the enemy's maximum wounds, that enemy gains +1 stack of fatigued.","","","","","","","","","","","","","","","","","","","","","","","",""
"Sower of Distress","Enemies suffering from any damage-over-time effect inflicted by the Executioner also suffer a — (5 + Medicae/20) penalty to their resistance tests.","","","","","","","","","","","","","","","","","","","","","","","",""
"Tormenting Sprain","Whenever an enemy suffering from any of the Executioner's damage-over-time effects dodges the Executioner's attack, all damage-over-time effects currently inflicted on that enemy now deal an additional +10% damage. Stacks.","","","","","","","","","","","","","","","","","","","","","","","",""
"Unbearable Presence","Targets of Terrifying Strike now make a Willpower resistance test with a - (10 + 2 x STR bonus) penalty. If failed, they provoke attacks of opportunity from the Executioner's allies during the forced movement.","","","","","","","","","","","","","","","","","","","","","","","",""
"Vivisection","The Executioner gains a + (Medicae/5) bonus to Lore (Xenos).","","","","","","","","","","","","","","","","","","","","","","","",""
"Overseer","","","","","","","","","","","","","","","","","","","","","","","","",""
"Armoured Hide","Familiar suffers 50% less damage from attacks of opportunity","","","","","","","","","","","","","","","","","","","","","","","",""
"Autonomous Medikit","The familiar's maximum wounds are increased by +(2x Overseer's TGH)","","","","","","","","","","","","","","","","","","","","","","","",""
"Brother-in-Arms","Each ally within a 3 cell radius around the familiar has their resolve increased by +2","","","","","","","","","","","","","","","","","","","","","","","",""
"Cohesion","The familiar gains +50% dodge against their Overseer's Attacks","","","","","","","","","","","","","","","","","","","","","","","",""
"Dependable Ally","Whenever a familiar's ability is used on an ally (can be the overseer) that ally gains +5 bonus to characteristics considered to be key characteristics of the familiar","","","","","","","","","","","","","","","","","","","","","","","",""
"Master's Patronage","At the start of the Overseer's turn the familiar gains (overseer's resolve) temporary wounds","","","","","","","","","","","","","","","","","","","","","","","",""
"Resistance is Futile
(Suppressive Factor)","Enemies in a 3 cell radius around the familiar suffer a -5 penalty to characteristics considered to be the familiar's key characteristics","","","","","","","","","","","","","","","","","","","","","","","",""
"Rite of Calibration","The first use of the overseer's ability in combat costs -1AP less","","","","","","","","","","","","","","","","","","","","","","","",""
"Rite of Solar Nourishment
(Enhanced Augmetics)","The familiar''s key characteristics are increased by +5","","","","","","","","","","","","","","","","","","","","","","","",""
"Side by Side","While the overseer and their familiar are adjacent to each other, both of them re-roll failed doodge attempts once per attack","","","","","","","","","","","","","","","","","","","","","","","",""
"Cyber-Mastiff","","","","","","","","","","","","","","","","","","","","","","","","",""
"Automatic Protection","The protected ally ignores attacks of opportunity","","","","","","","","","","","","","","","","","","","","","","","",""
"Auto-Regeneration","If the cyber-mastiff suffers bleeding, burning or poison, at the start of the overseer's turn, the level of this effect is reduced by (familiar TGH)","","","","","","","","","","","","","","","","","","","","","","","",""
"Battle Mode: Terror","Whenever the cyber-mastiff hits the apprehended enemy or an enemy adjacent to the protected ally, it gains +1 to its key characteristics until the end of combat. Stacks.","","","","","","","","","","","","","","","","","","","","","","","",""
"Chain-Maw","Each subsequent hit scored by the cyber-mastiff against the apprehended enemy deals (+familiar STR) more ddamage. Stacks. Stacks reset when Apprehend! Is used again","","","","","","","","","","","","","","","","","","","","","","","",""
"Perimeter Defence","If Protect! Is used on the overseer, the cyber-mastiff's mp is doubled when moving to them","","","","","","","","","","","","","","","","","","","","","","","",""
"Victimise
 (Relentless Pursuit)","The apprehended enemyt takes (2x fel)% more damage from the overseer","","","","","","","","","","","","","","","","","","","","","","","",""
"Weakest Link","Whenever the overseer hits the same target right after the cyber-mastiff in battle mode: standby hits it, the overseer's attack always socres a critical hit","","","","","","","","","","","","","","","","","","","","","","","",""
"Servo-Skull Swarm","","","","","","","","","","","","","","","","","","","","","","","","",""
"Emergency Stimulation","Once per combat the servo skull swarm can save an ally. An ally that suffers lethal damage in a 4 cell radius regains servo skull swarm's fel/3% of their maximum wounds and remains in combat. Then the skull swarm suffers 100 - overseer's medicae / 5% shock damage","","","","","","","","","","","","","","","","","","","","","","","",""
"Energy Mobilisation","Whenever the overseer uses bring it down! On an ally within a 4-cell radius around the servo-skull swarm, which then grants an an additional extra turn to another ally in that area, the servo-skull swarm gains +5 to all characteristics","","","","","","","","","","","","","","","","","","","","","","","",""
"Impure Force","While moving the swarm deals (2xint) shock damage to each enemy","","","","","","","","","","","","","","","","","","","","","","","",""
"Safe Shelter","Allies in a 4 cell radius from the swarm count as full cover when in half cover","","","","","","","","","","","","","","","","","","","","","","","",""
"Self-Learning Algorithms","When the overseer extrapolates an ability through the servo-skull swarm that effects allies, the servo skull swarm gains +1 fellowship. Whenever it effects enemies +1 intelligence.","","","","","","","","","","","","","","","","","","","","","","","",""
"Symbiosis","When the overseer extrapolates an ability through the servo-skull swarm for the first time in a round, they regain +1AP","","","","","","","","","","","","","","","","","","","","","","","",""
"Unseen Support","While the overseer is 5 or more cells away from the servo-skull swarm, their fellowship is increased by (2x familiar's int bonus)","","","","","","","","","","","","","","","","","","","","","","","",""
"Psyber-Raven","","","","","","","","","","","","","","","","","","","","","","","","",""
"Bound by Warp","Enemies in a 4 cell radius around the cyber-raven have their willpower reduced by (2xfamiliar's WP)","","","","","","","","","","","","","","","","","","","","","","","",""
"Castigating Echoes","Powers are relayed as if they were 1 psy rating higher","","","","","","","","","","","","","","","","","","","","","","","",""
"Impure Force","Psyber raven deals (2x familiar WP bonus) warp damage to enemies it passes","","","","","","","","","","","","","","","","","","","","","","","",""
"Psy-Resonator","Whenever the overseer relays a psychic power through the familiar for the first time in a round they regain +1 ap","","","","","","","","","","","","","","","","","","","","","","","",""
"Ruinous Flows","At the start of each round, if veil degradation is 15 or more, all creatures in a 4 cell radius suffer (9+3% of creature's maximum wounds) warp damage","","","","","","","","","","","","","","","","","","","","","","","",""
"Sacrificial Penance","Whenver a power is relayed the familiar gains +3 willpower but suffers 3 damage","","","","","","","","","","","","","","","","","","","","","","","",""
"Warp Buffer","If the overseer is within 4 cells of the psyber raven, whenever the overseer triggers perils of the warp it affects a random enemy inside that area instead of the overseer.","","","","","","","","","","","","","","","","","","","","","","","",""
"Cyber-Eagle","","","","","","","","","","","","","","","","","","","","","","","","",""
"Bloody Mark","Whenever the cyber-eagle successfully attacks the obstructed enemy, that enemy suffers (Familiar AGL+PER) levels of bleeding","","","","","","","","","","","","","","","","","","","","","","","",""
"Eagle's Vigilance","The Overseer's abilities deal (Overseer's awareness)% less damage to the cyber-eagle","","","","","","","","","","","","","","","","","","","","","","","",""
"Emergency Protocol","When the cyber-eagle suffers lethal damage for the first time in combat, it remains in combat and immediately soars, regaining 33% of its maximum wounds","","","","","","","","","","","","","","","","","","","","","","","",""
"Sharpened Talons","The cyber-eagle's attacks deal +(familiar's AGL) more damage","","","","","","","","","","","","","","","","","","","","","","","",""
"Swift Shadow","When the cyber-eagle stops soaring, it gains +(familiar's AGL) deflection for 1 round","","","","","","","","","","","","","","","","","","","","","","","",""
"Tenacious Talons","Right before the cyber eagle begins soaring adjacent enemies must pass an Agility resistance test with a -(5xfamiliar's AGL) penalty or become staggered for 1 round","","","","","","","","","","","","","","","","","","","","","","","",""
"Wind Currents","Whenever the cyber-eagle is soaring it gains +3 to its key characteristics.","","","","","","","","","","","","","","","","","","","","","","","",""
"Exemplar","","","","","","","","","","","","","","","","","","","","","","","","",""
"Attention!","After an ally takes an extra turn provided 1 by the character, the ally gains +7% armour, +7% dodge, and +3 movement points until the end of combat. Does not stack.","","","","","","","","","","","","","","","","","","","","","","","",""
"Cataclysm","All damage dealt by the character is increased by +3% until the end of combat for every new enemy damaged by them this combat.","","","","","","","","","","","","","","","","","","","","","","","",""
"Combat Meditation","The character gains +15 Willpower as long as they have no ranged weapons equipped (staves do not count as ranged weapons).","","","","","","","","","","","","","","","","","","","","","","","",""
"Contagion","Whenever you apply blinded, slowed, fatigued, perplexed, or disturbed effects, one random enemy within 5 cells of the target also gains that effect for 1 round. The same happens if you inflict stunned or prone, but the random target makes a resistance test to avoid the effect.","","","","","","","","","","","","","","","","","","","","","","","",""
"Critical Velocity","The character's critical hit chance and critical damage are increased by +5% of their dodge.","","","","","","","","","","","","","","","","","","","","","","","",""
"Crushing Assault","The character's first melee attack each round deals an additional +2 damage for every cell between the character's current position and the spot where they started their turn. The distance is measured in a direct line, ignoring all terrain, with every second diagonal cell counting as two.","","","","","","","","","","","","","","","","","","","","","","","",""
"Deadly Aim","If the character's dodge reduction is higher than the enemy's dodge, the character's damage against that enemy is increased by +1% for every 5% difference between the character's dodge reduction and the enemy's dodge.","","","","","","","","","","","","","","","","","","","","","","","",""
"Deathdealer","Every round, after the character kills the first enemy, the character immediately makes an additional single attack against the closest enemy they can target with the same weapon if possible. This attack deals 30% base damage with a +10% bonus for every difficulty tier of the first killed enemy, i.e. if the enemy was of difficulty tier 1, this attack deals 40% damage in total.","","","","","","","","","","","","","","","","","","","","","","","",""
"Degraded Defence","Whenever the character deals damage to an enemy, that enemy suffers +1 stack of the degraded defence effect for every 6 damage that the character has dealt. Whenever an ally attacks that enemy, they deal additional damage equal to the number of degraded defence stacks. (Stacks cap 1000)","","","","","","","","","","","","","","","","","","","","","","","",""
"Destroyer","Every character's melee attack reduces the target's armour by STR% until the end of combat. This reduction is applied before damage is calculated. Stacks.","","","","","","","","","","","","","","","","","","","","","","","",""
"Disastrous Collision","When targets pushed by the character collide with enemies or cover, both the target and the object they collide with suffer an additional +(2 x character's STR bonus) damage.","","","","","","","","","","","","","","","","","","","","","","","",""
"Eager for Battle","During the first turn of combat, the character has +2 additional action points.","","","","","","","","","","","","","","","","","","","","","","","",""
"Eager Subordinates","When allies take actions on extra turns given by the character, they deal +15% more damage.","","","","","","","","","","","","","","","","","","","","","","","",""
"Extermination","Any damage the character deals is increased by +1 for every attack they have made this combat. Does not affect damage-over-time effects: bleeding, burning, or toxin.","","","","","","","","","","","","","","","","","","","","","","","",""
"Firebrand","If an extra turn given by the character's abilities or talents grants MP, the target gains +4 additional MP; if AP - the target gains +1 additional AP.","","","","","","","","","","","","","","","","","","","","","","","",""
"Flagbearer","Allies within 2 cells around the character deal +(3 + character's FEL bonus)% more damage and suffer -(3 + character's TGH bonus)% less damage. If multiple characters have this talent, the effect does not stack.","","","","","","","","","","","","","","","","","","","","","","","",""
"Fleshwounds","At the start of the character's turn, they restore 10% of their maximum wounds. If the character has less than 20% of wounds left, they restore 20% of their maximum wounds instead.","","","","","","","","","","","","","","","","","","","","","","","",""
"Full Attention","Targets that consider the character a priority target deal -40% less damage to the character's allies.","","","","","","","","","","","","","","","","","","","","","","","",""
"Grievous Wounds","Enemies that have 0 deflection or 0% armour against the character's attacks suffer +10% additional damage from the character. If an enemy has both 0 deflection and 0% armour, those damage bonuses stack","","","","","","","","","","","","","","","","","","","","","","","",""
"Know-It-All","The character gains a +(2 + INT bonus / 2)% bonus to armour, armour penetration, dodge, dodge reduction, critical hit chance, critical damage, and parry chance","","","","","","","","","","","","","","","","","","","","","","","",""
"Lethal Threat","Enemies hit by the character with a melee attack must pass a Willpower resistance test or make the character their priority target until the start of the character's next turn.","","","","","","","","","","","","","","","","","","","","","","","",""
"Malign Influence","Whenever an enemy fails a Willpower resistance test against the character, they suffer (2 x character's WP bonus) direct damage. On success the damage is doubled.","","","","","","","","","","","","","","","","","","","","","","","",""
"Martyrdom","Whenever the character is attacked by an enemy, they gain momentum equal to the difficulty tier of the attacking creature.","","","","","","","","","","","","","","","","","","","","","","","",""
"Masterful Display","When the character's single shots deal damage to targets other than their main target, they gain +5 Ballistic Skill until the end of combat.","","","","","","","","","","","","","","","","","","","","","","","",""
"Masterful Precision","Deadeye shot deals an additional +(2 x PER bonus)% damage. The following ranged attack abilities gain deadeye shot benefits (x 1.5 range and the additional damage from the talent itself): -Bounty Hunter's Claim the Bounty
  -Master Tactician's Finish the Job -Assassin's Death Whisper -Assassin's Killing Edge -Assassin's Dispatch -Operative's Dismantling Attack -Bounty Hunter's Wild Hunt.","","","","","","","","","","","","","","","","","","","","","","","",""
"Out of My Way","Whenever the character pushes an enemy, the character gains +4 MP Those MP are added after the attack and allow the character to continue movement. Damage dealt by collisions from pushes is increased by +%","","","","","","","","","","","","","","","","","","","","","","","",""
"Peak Condition","The character gains a bonus to their Strength equal to 20% of their maximum wounds.","","","","","","","","","","","","","","","","","","","","","","","",""
"Perfection Under Fire","The character gains +5 to all characteristics. This bonus is doubled when they have 25% wounds or less","","","","","","","","","","","","","","","","","","","","","","","",""
"Pinpoint Accuracy","The character ignores (BS bonus / 2) of the enemy's deflection (rounded down).","","","","","","","","","","","","","","","","","","","","","","","",""
"Psychic Awakening (Biomancy)","The character becomes an unsactioned psyker and gains +1 psy rating.","","","","","","","","","","","","","","","","","","","","","","","",""
"Psychic Awakening (Divination)","The character becomes an unsactioned psyker and gains +1 psy rating.","","","","","","","","","","","","","","","","","","","","","","","",""
"Psychic Awakening (Pyromancy)","The character becomes an unsactioned psyker and gains +1 psy rating.","","","","","","","","","","","","","","","","","","","","","","","",""
"Psychic Awakening (Sanctic Powers)","The character becomes an unsactioned psyker and gains +1 psy rating.","","","","","","","","","","","","","","","","","","","","","","","",""
"Psychic Awakening (Telepathy)","The character becomes an unsactioned psyker and gains +1 psy rating.","","","","","","","","","","","","","","","","","","","","","","","",""
"Puncture","If the character's armour penetration is higher than the enemy's armour, the character's critical hit chance against that enemy is increased by +2% for every 5% difference between the character's armour penetration and the enemy's armour.","","","","","","","","","","","","","","","","","","","","","","","",""
"Relentless","Whenever the character is healed, they regain +(5 x character's TGH bonus)% more wounds.","","","","","","","","","","","","","","","","","","","","","","","",""
"Revenge","Whenever the character loses wounds, their next melee attack gains +1 damage for every 2 wounds the character has lost. Stacks.","","","","","","","","","","","","","","","","","","","","","","","",""
"Shot Through","The character's attacks gain an additional +(BS / 2)% overpenetration. Their overpenetration attacks cannot be dodged.","","","","","","","","","","","","","","","","","","","","","","","",""
"Steel Shell","The character's deflection is doubled against single-target attacks.","","","","","","","","","","","","","","","","","","","","","","","",""
"Tipping Point","The character's dodge reduction and armour penetration are increased by +10% of their critical hit chance.","","","","","","","","","","","","","","","","","","","","","","","",""
"Tough As Steel","The character gains an additional 12 wounds. Those wounds are further increased by Toughness, increasing by +(10 x TGH bonus)%, in the same way as basic wounds.","","","","","","","","","","","","","","","","","","","","","","","",""
"Tricky Defence","As long as the character wears light armour, their dodge is increased by half of the armour bonus of that armour.","","","","","","","","","","","","","","","","","","","","","","","",""
"Unbreakable Will","The character gains a bonus to all resistance tests equal to +(5 x deflection).","","","","","","","","","","","","","","","","","","","","","","","",""
"Unstoppable","The character becomes immune to all effects that reduce their MP. They gain +(TGH bonus / 2) MP.","","","","","","","","","","","","","","","","","","","","","","","",""
"Vital Points","Whenever the character scores a critical hit, they have a chance to increase their critical damage bonus by half. That chance is equal to (character's critical chance - 50)% (minumum of 0%).","","","","","","","","","","","","","","","","","","","","","","","",""
"Professional Know-How","The wielder gains +shield block weapon skill and ballistic skill","","","","","","","","","","","","","","","","","","","","","","","",""
"Strong Hand","The Wielder gains +5% block and deals +50% more damage with shield bash","","","","","","","","","","","","","","","","","","","","","","","",""
"Invincibility","The Wielder gains (TGH / 3) deflection if a shield is in their current weapon set","","","","","","","","","","","","","","","","","","","","","","","",""
"Adamantium Alloys","The familiar's maximum wounds are increased by +(30+ overseer's tech use /2)","","","","","","","","","","","","","","","","","","","","","","","",""
"Autonomous Protection Algorithms","In combat, the familiar gains +1 deflection for each cell between it and the overseer up to maximum of (FEL)","","","","","","","","","","","","","","","","","","","","","","","",""
"Emergency Algorithms","Whenever the familiar's wounds drop below 20% for the first time in a round, the overseer's next ability has its cost reduced to 0 AP","","","","","","","","","","","","","","","","","","","","","","","",""
"Mercy of the Omnissiah","The familiar gains a (5+ overseer's level /5)% chance to ignore any incoming damage","","","","","","","","","","","","","","","","","","","","","","","",""
"Poison Dispersal System","If melee damage is dealt to the familiar, the attacker suffers toxic damage equal to (overseer's medicae \4)% of the damage dealt (cannot be more than 100%)","","","","","","","","","","","","","","","","","","","","","","","",""
"Common Feature","","","","","","","","","","","","","","","","","","","","","","","","",""
"Advanced Skill: Athletics","Character gains +13 to skill and can re-roll failed skill tests +1","","","","","","","","","","","","","","","","","","","","","","","",""
"Advanced Skill: Awareness","Character gains +13 to skill and can re-roll failed skill tests +1","","","","","","","","","","","","","","","","","","","","","","","",""
"Advanced Skill: Carouse","Character gains +13 to skill and can re-roll failed skill tests +1","","","","","","","","","","","","","","","","","","","","","","","",""
"Advanced Skill: Coercion","Character gains +13 to skill and can re-roll failed skill tests +1","","","","","","","","","","","","","","","","","","","","","","","",""
"Advanced Skill: Commerce","Character gains +13 to skill and can re-roll failed skill tests +1","","","","","","","","","","","","","","","","","","","","","","","",""
"Advanced Skill: Demolition","Character gains +13 to skill and can re-roll failed skill tests +1","","","","","","","","","","","","","","","","","","","","","","","",""
"Advanced Skill: Logic","Character gains +13 to skill and can re-roll failed skill tests +1","","","","","","","","","","","","","","","","","","","","","","","",""
"Advanced Skill: Imperium","Character gains +13 to skill and can re-roll failed skill tests +1","","","","","","","","","","","","","","","","","","","","","","","",""
"Advanced Skill: Warp","Character gains +13 to skill and can re-roll failed skill tests +1","","","","","","","","","","","","","","","","","","","","","","","",""
"Advanced Skill: Xenos","Character gains +13 to skill and can re-roll failed skill tests +1","","","","","","","","","","","","","","","","","","","","","","","",""
"Advanced Skill: Medicae","Character gains +13 to skill and can re-roll failed skill tests +1","","","","","","","","","","","","","","","","","","","","","","","",""
"Advanced Skill: Persuasion","Character gains +13 to skill and can re-roll failed skill tests +1","","","","","","","","","","","","","","","","","","","","","","","",""
"Advanced Skill: Tech-Use","Character gains +13 to skill and can re-roll failed skill tests +1","","","","","","","","","","","","","","","","","","","","","","","",""
"Base Skill: Athletics","Character gains +7 to skill and can improve the skill even if their archetype or origin does not allow it","","","","","","","","","","","","","","","","","","","","","","","",""
"Base Skill: Awareness","Character gains +7 to skill and can improve the skill even if their archetype or origin does not allow it","","","","","","","","","","","","","","","","","","","","","","","",""
"Base Skill: Carouse","Character gains +7 to skill and can improve the skill even if their archetype or origin does not allow it","","","","","","","","","","","","","","","","","","","","","","","",""
"Base Skill: Coercion","Character gains +7 to skill and can improve the skill even if their archetype or origin does not allow it","","","","","","","","","","","","","","","","","","","","","","","",""
"Base Skill: Commerce","Character gains +7 to skill and can improve the skill even if their archetype or origin does not allow it","","","","","","","","","","","","","","","","","","","","","","","",""
"Base Skill: Demolition","Character gains +7 to skill and can improve the skill even if their archetype or origin does not allow it","","","","","","","","","","","","","","","","","","","","","","","",""
"Base Skill: Logic","Character gains +7 to skill and can improve the skill even if their archetype or origin does not allow it","","","","","","","","","","","","","","","","","","","","","","","",""
"Base Skill: Imperium","Character gains +7 to skill and can improve the skill even if their archetype or origin does not allow it","","","","","","","","","","","","","","","","","","","","","","","",""
"Base Skill: Warp","Character gains +7 to skill and can improve the skill even if their archetype or origin does not allow it","","","","","","","","","","","","","","","","","","","","","","","",""
"Base Skill: Xenos","Character gains +7 to skill and can improve the skill even if their archetype or origin does not allow it","","","","","","","","","","","","","","","","","","","","","","","",""
"Base Skill: Medicae","Character gains +7 to skill and can improve the skill even if their archetype or origin does not allow it","","","","","","","","","","","","","","","","","","","","","","","",""
"Base Skill: Persuasion","Character gains +7 to skill and can improve the skill even if their archetype or origin does not allow it","","","","","","","","","","","","","","","","","","","","","","","",""
"Base Skill: Tech-Use","Character gains +7 to skill and can improve the skill even if their archetype or origin does not allow it","","","","","","","","","","","","","","","","","","","","","","","",""
"Characteristic Training: Agility","Character gains +5 to characteristic. The character may improve any trained characteristic even if their archetype or origin does not allow it","","","","","","","","","","","","","","","","","","","","","","","",""
"Characteristic Training: Ballistic Skill","Character gains +5 to characteristic. The character may improve any trained characteristic even if their archetype or origin does not allow it","","","","","","","","","","","","","","","","","","","","","","","",""
"Characteristic Training: Weapon Skill","Character gains +5 to characteristic. The character may improve any trained characteristic even if their archetype or origin does not allow it","","","","","","","","","","","","","","","","","","","","","","","",""
"Characteristic Training: Fellowship","Character gains +5 to characteristic. The character may improve any trained characteristic even if their archetype or origin does not allow it","","","","","","","","","","","","","","","","","","","","","","","",""
"Characteristic Training: Intelligence","Character gains +5 to characteristic. The character may improve any trained characteristic even if their archetype or origin does not allow it","","","","","","","","","","","","","","","","","","","","","","","",""
"Characteristic Training: Perception","Character gains +5 to characteristic. The character may improve any trained characteristic even if their archetype or origin does not allow it","","","","","","","","","","","","","","","","","","","","","","","",""
"Characteristic Training: Toughness","Character gains +5 to characteristic. The character may improve any trained characteristic even if their archetype or origin does not allow it","","","","","","","","","","","","","","","","","","","","","","","",""
"Characteristic Training: Strength","Character gains +5 to characteristic. The character may improve any trained characteristic even if their archetype or origin does not allow it","","","","","","","","","","","","","","","","","","","","","","","",""
"Characteristic Training: Willpower","Character gains +5 to characteristic. The character may improve any trained characteristic even if their archetype or origin does not allow it","","","","","","","","","","","","","","","","","","","","","","","",""
"Bolter Weapon Proficiency","Allows the character to use bolt weapons, such as bolter or bolt pistol.","","","","","","","","","","","","","","","","","","","","","","","",""
"Bolt Weapon Expert","Bolt weapon attacks gain +10% armour penetration.","","","","","","","","","","","","","","","","","","","","","","","",""
"Breaking Point","Heavy weapons deal +2 damage and ignore 2 deflection.","","","","","","","","","","","","","","","","","","","","","","","",""
"Chain Weapon Expert","Chain weapon attacks gain +4 maximum damage.","","","","","","","","","","","","","","","","","","","","","","","",""
"Combat Master","Enemies gain no melee superiority bonuses against this character.","","","","","","","","","","","","","","","","","","","","","","","",""
"Drukhari Weapon Proficiency","Allows the character to use Drukhari weapons. - Level 22 requirement","","","","","","","","","","","","","","","","","","","","","","","",""
"Dual-Weapon Combat","The character can attack with the second weapon in their current weapon set in addition to the usual one attack per round. This attack suffers a -20 penalty to WS and BS and costs +1 AP more.","","","","","","","","","","","","","","","","","","","","","","","",""
"Dual-Weapon Specialist","Using the Sweep attack of the axes and Shove attack of the maces and hammers does not increase the AP cost or reduce the Weapon Skill or Ballistic Skill of another weapon","","","","","","","","","","","","","","","","","","","","","","","",""
"Duelling Mastery","Grants +15% bonus to parry.","","","","","","","","","","","","","","","","","","","","","","","",""
"Flame Weapon Proficiency","Allows the character to use flame weapons, such as a flamer, heavy flamer, and hand flamer.","","","","","","","","","","","","","","","","","","","","","","","",""
"Flame Weapon Expert","Flame weapon attacks cost -1 AP less to use (1 AP minimum).","","","","","","","","","","","","","","","","","","","","","","","",""
"Grenadier","first grenade use in combat does not spend AP and does not count toward the attack limit that turn.","","","","","","","","","","","","","","","","","","","","","","","",""
"Heavy Armour Proficiency","Allows the wearing of heavy armour.","","","","","","","","","","","","","","","","","","","","","","","",""
"Heavy Weapon Proficiency","Reduces the required Strength value for heavy weapons by -25.","","","","","","","","","","","","","","","","","","","","","","","",""
"It will not die","Increases wounds by half of the character's level (rounded up).","","","","","","","","","","","","","","","","","","","","","","","",""
"las weapon expert","Enemies suffer a -20% penalty to dodge against las weapon attacks.","","","","","","","","","","","","","","","","","","","","","","","",""
"Melee weapon specialist","Sweep attack of the axes and Shove attack of the maces and hammers cost 1 less action point.","","","","","","","","","","","","","","","","","","","","","","","",""
"Melta Weapon Proficiency","Allows the character to use melta weapons, such as a meltagun, multi-melta, and others.","","","","","","","","","","","","","","","","","","","","","","","",""
"Melta Weapon Expert","Melta weapon attacks gain +4 maximum damage.","","","","","","","","","","","","","","","","","","","","","","","",""
"Nimble","Grants +10% bonus to dodg","","","","","","","","","","","","","","","","","","","","","","","",""
"Overpower","When firing heavy weapons, critical chance is increased by BS and critical damage is increased by 3x BS","","","","","","","","","","","","","","","","","","","","","","","",""
"Plasma Weapon Proficiency","Allows the character to use plasma weapons, such as plasma gun, plasma pistol, and others.","","","","","","","","","","","","","","","","","","","","","","","",""
"Plasma Weapon Expert","Plasma weapon attacks gain +2 maximum damage.","","","","","","","","","","","","","","","","","","","","","","","",""
"Power Armour Proficiency","Allows the character to equip power armour","","","","","","","","","","","","","","","","","","","","","","","",""
"Power Weapon Expert","Power weapon attacks gain +10% armour penetration.","","","","","","","","","","","","","","","","","","","","","","","",""
"Solid Projectile Weapon Expert","Solid projectile weapon attacks gain +2 minimum damage.","","","","","","","","","","","","","","","","","","","","","","","",""
"Swift Movements","Grants +2 movement points.","","","","","","","","","","","","","","","","","","","","","","","",""
"Aeldari Weapon Proficiency","Allows the character to use Aeldari weapons, such as Aeldari long rifle, shuriken catapult, and others.  - Level 22 requirement","","","","","","","","","","","","","","","","","","","","","","","",""
"Aeldari Equipment","Allows Drukhari character to equip Aeldari equipment","","","","","","","","","","","","","","","","","","","","","","","",""
"Drukhari Equipment","Allows Aeldari character to equip Drukhari equipment","","","","","","","","","","","","","","","","","","","","","","","",""
"Strong Hand","The Wielder gains +5% block and deals +50% more damage with shield bash","","","","","","","","","","","","","","","","","","","","","","","",""
"Shield Mastery","A shield only occupies the slot in a single weapin set (shields apply to both weapon slots by default)","","","","","","","","","","","","","","","","","","","","","","","",""
"Instant Retribution","Whenever the weilder Successfully block an attack, they immediately use shield bash against the attacker, if possible. If the wielder makes a counter-attack triggered by all-around defence, the shield bash follows that counter-attack","","","","","","","","","","","","","","","","","","","","","","","",""
"Defensive Manoeuvre","Whenever the wielder successfully uses shield bash, they regain +2 mp. If they move, they will not provoke attacks of opportunity from the target until the end of their turn.","","","","","","","","","","","","","","","","","","","","","","","",""
"Finesse","When this character uses Drukhari or Aeldari melee weapons, weapon damage is calculated using their agility instead of strength if agility is greater","","","","","","","","","","","","","","","","","","","","","","","",""
"Deadly Accuracy","Critical Dmage dealt by this character's Aeldari ranged weapons is increased by PER","","","","","","","","","","","","","","","","","","","","","","","",""
"Arachnoid Drag-Net","Area attacks with a webber create webbed area which lasts for 3 rounds. Any creature which enters that area, moves through it, or starts its turn in this area must pass an agility resistance test or become slowered for 1 round","","","","","","","","","","","","","","","","","","","","","","","",""
"Durable Knotting","Enemies immobilised or slowered by this character's webber have their weapon skill, ballistic skill and agility reduced by (3xPER) whilst this effect lasts","","","","","","","","","","","","","","","","","","","","","","","",""
"Echopulse","enemies hit by this character's arc rifle suffer a number of echopulse stacks equal to 10% of the damage dealt. Those stacks last until the end of combat. (start of turn creature suffers stack shock damage stacks with (int \2) armour pen. This is not considered a DOT)","","","","","","","","","","","","","","","","","","","","","","","",""
"Enhanced Splash Area","The area of plasma overcharge area attack is increased by an addition cell on each side of all axes (vertical, horizontal and diagonal)","","","","","","","","","","","","","","","","","","","","","","","",""
"External Power Block","This character gains an additional attack with a plasma weapon in the first round of combat and when reloading a plasma weapon for the first time each subsequent round","","","","","","","","","","","","","","","","","","","","","","","",""
"Liturgy of Insulation","If allies become the secondary targets of this character's arc rifle, they do not suffer damage","","","","","","","","","","","","","","","","","","","","","","","",""
"Overclocking Module","Whenever this character hits a target with an arc rifle, the radius of the area where additional targets are affected is increased by (int /5) minimum 1.","","","","","","","","","","","","","","","","","","","","","","","",""
"Piercing Charge","Plasma overcharge extra damage ignores INT of the target's deflection","","","","","","","","","","","","","","","","","","","","","","","",""
"Plasma Bank","Reloading a plasma rifle costs -3 AP less and reloading a plasma pistol costs -1 AP less.","","","","","","","","","","","","","","","","","","","","","","","",""
"Poetry of Pain","Drukhari ranged Weapons deal 20% more damage for each dot on enemies","","","","","","","","","","","","","","","","","","","","","","","",""
"Promethium Treatment","Fire damage suffered by enemies currently immobilised or slowered by this character's webber is increased by 35%","","","","","","","","","","","","","","","","","","","","","","","",""
"Residual Charge","Whenever this character hits a target with an arc rifle, they gain +1 residual charge stack. When reaching 10 stacks, they immediately gain an additional attack with the arc rifle. Once the effect is triggered, these stacks are removed.","","","","","","","","","","","","","","","","","","","","","","","",""
"Safety Training","This character only suffers 25% of the damage dealt by plasma explosion. The damage bonus from each stack of plasma cell overheat is increased by 5%","","","","","","","","","","","","","","","","","","","","","","","",""
"Sighter","This character's first attack with a webber in a round does not count toward the attack limit per turn","","","","","","","","","","","","","","","","","","","","","","","",""
"Staggering Jolt","Targets hit by this character's arc rifle must pass a toughness resistance test or suffer +1 stack of arc-shock for 2 rounds (creature is staggered and suffers 20% more shock damage)","","","","","","","","","","","","","","","","","","","","","","","",""
"Sticky Webbing","Resistance tests against this character's webber effects suffer a -30 penalty.","","","","","","","","","","","","","","","","","","","","","","","",""
"Navigator","","","","","","","","","","","","","","","","","","","","","","","","",""
"Tonicity","Navigator path powers deal +1 additional damage for every 5 bonus characteristic of the Navigator's currently equipped staff. Castigating, infusing, and Devastating count as characteristics for this talent.","","","","","","","","","","","","","","","","","","","","","","","",""
"Eye of Oblivion","Every enemy the Navigator has in their line of sight has its dodge and hit chance reduced by -(Navigator's PER bonus).","","","","","","","","","","","","","","","","","","","","","","","",""
"Strange Vitality","The Navigator heals WP bonus wounds at the beginning of every turn and gains +1 additional wound for every Navigator talent taken. The healing increases by +1 for every creature killed in between the Navigator's turns.","","","","","","","","","","","","","","","","","","","","","","","",""
"Perilous Ways","Enemies moved by the Navigator's abilities suffer 1+WP bonus/2 damage at the end of movement. This damage is increased by +1 for every cell the enemy moves.","","","","","","","","","","","","","","","","","","","","","","","",""
"The Course Untravelled","Whenever the Navigator uses a Navigator power that hasn't been used this combat, the Navigator gains +2 Perception until the end of combat.","","","","","","","","","","","","","","","","","","","","","","","",""
"Guide of Souls","The Navigator starts all turns, including extra turns, with +3 additional movement points. The first ally, targeted each turn by the Navigator with a single-target ability, gains the same amount of additional movement points at the start of their next turn.","","","","","","","","","","","","","","","","","","","","","","","",""
"Under My Protection","Allies that are targeted by the Navigator's abilities gain +5 to all resistance test against warp effects (caused by daemons, psychic powers, Navigator powers, etc.) until the end of combat. The effect stacks with every applied Navigator ability.","","","","","","","","","","","","","","","","","","","","","","","",""
"Veil of Protection","Allies that are targeted by the Navigator's power gain +10% armour. This additional armour is reduced by the amount of veil degradation (to a minimum of +0%) and increased by the infusing of the currently equipped Navigator's staff.","","","","","","","","","","","","","","","","","","","","","","","",""
"Blood Augury","Enemies damaged by the Navigator suffer +(5 + Navigator's PER bonus)% additional damage from warp damage. The bonus damage stacks for each hit.","","","","","","","","","","","","","","","","","","","","","","","",""
"Ebb and Flow","Every even (second, fourth, etc.) turn, the Navigator gains an additional action point. Every odd turn (first, third, etc.) the Navigator gains +20 Perception.","","","","","","","","","","","","","","","","","","","","","","","",""
"Mind Over Matter","The Navigator makes all resistance test with their Willpower if it is higher than the base characteristic for such test. If the Navigator's Willpower is higher than their Toughness, the Navigator's wounds are calculated according to their Willpower.","","","","","","","","","","","","","","","","","","","","","","","",""
"Unnatural Allure","The Navigator gains +5 to Fellowship and an additional +1 to Fellowship for every Navigator talent and/or Navigator power taken.","","","","","","","","","","","","","","","","","","","","","","","",""
"Threads and Faults","Whenever an enemy fails a resistance test against a Navigator's power, attacks against them gain +(20 + 2 X PER bonus)% critical hit chance. The effect stacks but is reset by a critical hit.","","","","","","","","","","","","","","","","","","","","","","","",""
"Open to the Warp","Enemies affected by the Navigator's abilities suffer a stacking -10 penalty to the next resistance test from the Navigator's powers. The penalty is lost after such a test is made.","","","","","","","","","","","","","","","","","","","","","","","",""
"Mastery of Time","Whenever a Navigator's ally in combat gains an extra turn, the Navigator gains a stacking +5 bonus to Willpower until the end of combat (up to 5 times).","","","","","","","","","","","","","","","","","","","","","","","",""
"Pass Unscathed","If the Navigator's Perception is higher than their Agility, their dodge is calculated using Perception instead.","","","","","","","","","","","","","","","","","","","","","","","",""
"Undam the Sea of Souls","While under effect of any Navigator power, enemies have their armour reduced by -(5 + Navigator's WP bonus).This reduction is increased by the Devastating parameter of the Navigator's staff but does not stack.","","","","","","","","","","","","","","","","","","","","","","","",""
"Unblinking Stare","Until the end of combat, enemies damaged by the Navigator suffer an additional +PER bonus damage from all attack of opportunity and cannot dodge them.","","","","","","","","","","","","","","","","","","","","","","","",""
"Stable Routes","Whenever the Navigator uses a Navigator's ability, veil degradation is reduced by -1.","","","","","","","","","","","","","","","","","","","","","","","",""
"Tech-Priest","Machine Spirit Communion","","","","","","","","","","","","","","","","","","","","","","","",""
"Acceleration Protocols","Pasqal gains 4 MP in the first round of combat. Every successful melee attack grants Pasqal +(INT bonus / 2) MP for the next round.","","","","","","","","","","","","","","","","","","","","","","","",""
"Aiming Protocols","Pasqal gains +(5+INT) to Ballistic Skill and a +(10+INT)% to dodge reduction with plasma and melta weapon ranged attacks.","","","","","","","","","","","","","","","","","","","","","","","",""
"Close-Up Scanning","Pasqal's melee attacks apply the machine spirit communion effect on all attacked enemies.","","","","","","","","","","","","","","","","","","","","","","","",""
"Exposing Communion","Pasqal's attacks and effects of the Expose Weakness ability gain bonuses against enemies under the effects machine spirit communion, as if those enemies had 2 more stacks of exploit.","","","","","","","","","","","","","","","","","","","","","","","",""
"Filtering Protocols","When Pasqal uses plasma or melta weapons the first time in a round, he gains a +1 AP.","","","","","","","","","","","","","","","","","","","","","","","",""
"Machine Spirit Scan Protocols","Machine Spirit Communion applies 1 stack of exploit on all affected enemies.","","","","","","","","","","","","","","","","","","","","","","","",""
"Manipulator Push","Manipulator mechadendrite attacks enemies in close combat, pushing them up to 2 cells away and dealing (WS + INT bonus) damage. This attack has (5 x Tech-Priest's PER bonus)% armour penetration.","","","","","","","","","","","","","","","","","","","","","","","",""
"Medicae Mechandendrite","The Tech-Priest can use their mechadendrite to restore the wounds of an ally once per combat. The ally against (6 + Medicae / 5) wounds.","","","","","","","","","","","","","","","","","","","","","","","",""
"Overcharge Protocols","Every time Pasqal uses plasma or melta weapons, his damage with these weapons increases by (5+INT)%. Stacks. If Pasqal does not shoot for 1 round, he loses all stacks.","","","","","","","","","","","","","","","","","","","","","","","",""
"Prediction Protocols","Pasqal gains a +(15+INT)% to dodge reduction and parry reduction with melee weapons. If an enemy dodges or parries his attack, the bonus is doubled for the next melee attack against this enemy.","","","","","","","","","","","","","","","","","","","","","","","",""
"Pulse Amplifier","Pasqal's arc rifle shots gain + (int /3)% dodge reduction against primary and secondary targets","","","","","","","","","","","","","","","","","","","","","","","",""
"Scanner Mechadendrite","An additional servo-skull connected directly to the Tech-Priest's systems increases their Perception by +10.","","","","","","","","","","","","","","","","","","","","","","","",""
"Skirmish Protocols","While Pasqal is under the effects of machine spirit communion, his melee attacks deal an additional +(10+INT)% damage and gain (10+INT)% armour penetration.","","","","","","","","","","","","","","","","","","","","","","","",""
"Utility Mechandendrite","This mechadendrite is equipped with all kinds of tools to communicate with machine spirits. Increases Tech-Use and Demolition by +10.","","","","","","","","","","","","","","","","","","","","","","","",""
"Unsanctioned Psyker","","","","","","","","","","","","","","","","","","","","","","","","",""
"Thriving in Peril","Every perils of the warp increases momentum by +(psyker's WP bonus + resolve + psy rating).","","","","","","","","","","","","","","","","","","","","","","","",""
"Power Conduit","After triggering psychic phenomena or perils of the warp first time each turn, the psyker's next psychic power costs -1 less action point.","","","","","","","","","","","","","","","","","","","","","","","",""
"Advice and Guidance","The first time in combat that an ally becomes the target of the psyker's psychic power, this ally gains +10 to Weapon Skill and Ballistic Skill until end of combat.","","","","","","","","","","","","","","","","","","","","","","","",""
"Death Cult Assassin","Bloodstained creatures suffer 2% more damage for each stack. Bloodblessed creature deals 2% more damage for each stack","","","","","","","","","","","","","","","","","","","","","","","",""
"Crimson Tide","A creature with the bloodblessed or bloodstained effect gains +1 stacks of this effect whenever raining blood is inflicted again or whenever a turn starts on a blood covered cell","","","","","","","","","","","","","","","","","","","","","","","",""
"Dance of Blood","death cult assassin's allies deal (2+AGI bonus)% more damage to enemies if both the ally and their target stand on the blood covered cells","","","","","","","","","","","","","","","","","","","","","","","",""
"Dance of Thorns","Each time the death cult assasin parries or dodges an attack, all enemies with the bloodstained effect suffer +1 stack of this effect","","","","","","","","","","","","","","","","","","","","","","","",""
"Open the Veins","a creature with the bloodblessed or bloodstained effect gains +1 stack of this effect whenever bleed, burning or toxin is inflicted on it","","","","","","","","","","","","","","","","","","","","","","","",""
"Wounds Streaming Blood","a creature with the bloodblessed or bloodstained effect gains +1 stack of this effect whenever it suffers damage from bleed, burning or toxin","","","","","","","","","","","","","","","","","","","","","","","",""
"Asuryani Outcast","Yrliet ends her turn, At the start of her next turn (excluding extra turns), if possible, she makes an attack that cannot miss and does not count toward the attack limit per turn","","","","","","","","","","","","","","","","","","","","","","","",""
"Path of the Outcast","When Yrliet kills a target with a single shot attack from Aeldari weapon for the first time in a round, she immediately gains an additional attack","","","","","","","","","","","","","","","","","","","","","","","",""
"Penetrating Sight","In my sights gains additional armour penetration equal to PER%","","","","","","","","","","","","","","","","","","","","","","","",""
"Prescient Sight","In my sights gains additional dodge reduction equal to Ballistic Skill%","","","","","","","","","","","","","","","","","","","","","","","",""
"Swift Sight","In my sights costs only 1 ap","","","","","","","","","","","","","","","","","","","","","","","",""
"Drukhari Equipment","Able to equip Drukhari armour","","","","","","","","","","","","","","","","","","","","","","","",""
"Kabalite Dracon","Deals STR bonus rending damage to Marazhai and he starts bleeding. While Marazhai is bleeding, he gains +3 Resolve","","","","","","","","","","","","","","","","","","","","","","","",""
"Emboldened by Bloodshed","While Marazhai is bleeding, his fellowship and willpower are increased by +15","","","","","","","","","","","","","","","","","","","","","","","",""
"Mantle of Agony","While bleed, Marazhai gains +(3 x TGH Bonus)% additional armour.","","","","","","","","","","","","","","","","","","","","","","","",""
"Prey on the weak","While Marazhai is bleeding, every kill he makes grants him a stacking +5 bonus to weapon skill and ballistic skill.","","","","","","","","","","","","","","","","","","","","","","","",""
"Trueborn Superiority","When Marazhai makes an additional attack granted by Dual-weapon combat, using a drukhari weapon, that attack suffers no penalties and does not have its cost increased.","","","","","","","","","","","","","","","","","","","","","","","",""
"Aeldari Equipment","Able to equip Aeldari armour","","","","","","","","","","","","","","","","","","","","","","","",""